-200.819|+25.8560|-21.0510
-201.363|+25.8560|-21.7950
-201.363|+25.8560|-21.7950
-201.363|+25.8560|-21.7950
-201.363|+25.8560|-21.7950
-201.363|+25.8560|-21.7950
-201.363|+25.8560|-21.7950
-201.363|+25.8560|-21.7950
-201.363|+25.8560|-21.7950
-201.363|+25.8560|-21.7950
-201.363|+25.8560|-21.7950
-201.363|+25.8560|-21.7950
-201.363|+25.8560|-21.7950
-201.363|+25.8560|-21.7950
-201.363|+25.8560|-21.7950
-201.363|+25.8560|-21.7950
-201.363|+25.8560|-21.7950
-201.363|+25.8560|-21.7950
-201.363|+25.8560|-21.7950
-201.363|+25.8560|-21.7950
-201.363|+25.8560|-21.7950
-201.363|+25.8560|-21.7950
-201.363|+25.8560|-21.7950
-201.363|+25.8560|-21.7950
-201.363|+25.8560|-21.7950
-201.363|+25.8560|-21.7950
-201.363|+25.8560|-21.7950
-201.363|+25.8560|-21.7950
-201.363|+25.8560|-21.7950
-201.363|+25.8560|-21.7950
-201.363|+25.8560|-21.7950
-201.363|+25.8560|-21.7950
-201.363|+25.8560|-21.7950
-201.363|+25.8560|-21.7950
-201.423|+25.8560|-21.8780
-201.423|+25.8560|-21.8780
-201.423|+25.8560|-21.8780
-201.423|+25.8560|-21.8780
-201.423|+25.8560|-21.8780
-201.423|+25.8560|-21.8780
-201.423|+25.8560|-21.8780
-201.423|+25.8560|-21.8780
-201.483|+25.8560|-21.9610
-201.483|+25.8560|-21.9610
-201.483|+25.8560|-21.9610
-201.483|+25.8560|-21.9610
-201.483|+25.8560|-21.9610
-201.483|+25.8560|-21.9610
-201.483|+25.8560|-21.9610
-201.483|+25.8560|-21.9610
-201.483|+25.8560|-21.9610
-201.483|+25.8560|-21.9610
-201.483|+25.8560|-21.9610
-201.483|+25.8560|-21.9610
-201.483|+25.8560|-21.9610
-201.483|+25.8560|-21.9610
-201.483|+25.8560|-21.9610
-201.483|+25.8560|-21.9610
-201.483|+25.8560|-21.9610
-201.483|+25.8560|-21.9610
-201.483|+25.8560|-21.9610
-201.483|+25.8560|-21.9610
-201.483|+25.8560|-21.9610
-201.483|+25.8560|-21.9610
-201.483|+25.8560|-21.9610
-201.483|+25.8560|-21.9610
-201.483|+25.8560|-21.9610
-201.483|+25.8560|-21.9610
-201.483|+25.8560|-21.9610
-201.483|+25.8560|-21.9610
-201.483|+25.8560|-21.9610
-201.483|+25.8560|-21.9610
-201.483|+25.8560|-21.9610
-201.483|+25.8560|-21.9610
-201.483|+25.8560|-21.9610
-201.483|+25.8560|-21.9610
-201.483|+25.8560|-21.9610
-201.483|+25.8560|-21.9610
-201.483|+25.8560|-21.9610
-201.483|+25.8560|-21.9610
-201.483|+25.8560|-21.9610
-201.483|+25.8560|-21.9610
-201.483|+25.8560|-21.9610
-201.483|+25.8560|-21.9610
-201.483|+25.8560|-21.9610
-201.483|+25.8560|-21.9610
-201.483|+25.8560|-21.9610
-201.483|+25.8560|-21.9610
-201.483|+25.8560|-21.9610
-201.543|+25.8560|-22.0440
-201.543|+25.8560|-22.0440
-201.543|+25.8560|-22.0440
-201.603|+25.8560|-22.1270
-201.603|+25.8560|-22.1270
-201.603|+25.8560|-22.1270
-201.663|+25.8560|-22.2100
-201.663|+25.8560|-22.2100
-201.723|+25.8560|-22.2930
-201.723|+25.8560|-22.2930
-201.784|+25.8560|-22.3760
-201.784|+25.8560|-22.3760
-201.844|+25.8560|-22.4590
-201.844|+25.8560|-22.4590
-201.904|+25.8560|-22.5420
-201.904|+25.8560|-22.5420
-201.963|+25.8560|-22.6250
-202.023|+25.8560|-22.7080
-202.083|+25.8560|-22.7910
-202.083|+25.8560|-22.7910
-202.143|+25.8560|-22.8740
-202.143|+25.8560|-22.8740
-202.203|+25.8560|-22.9570
-202.203|+25.8560|-22.9570
-202.263|+25.8560|-23.0400
-202.263|+25.8560|-23.0400
-202.322|+25.8560|-23.1230
-202.322|+25.8560|-23.1230
-202.382|+25.8560|-23.2070
-202.382|+25.8560|-23.2070
-202.442|+25.8560|-23.2900
-202.442|+25.8560|-23.2900
-202.501|+25.8560|-23.3730
-202.501|+25.8560|-23.3730
-202.501|+25.8560|-23.3730
-202.561|+25.8560|-23.4560
-202.561|+25.8560|-23.4560
-202.621|+25.8560|-23.5400
-202.621|+25.8560|-23.5400
-202.621|+25.8560|-23.5400
-202.621|+25.8560|-23.5400
-202.680|+25.8560|-23.6230
-202.680|+25.8560|-23.6230
-202.680|+25.8560|-23.6230
-202.680|+25.8560|-23.6230
-202.680|+25.8560|-23.6230
-202.680|+25.8560|-23.6230
-202.680|+25.8560|-23.6230
-202.680|+25.8560|-23.6230
-202.680|+25.8560|-23.6230
-202.680|+25.8560|-23.6230
-202.680|+25.8560|-23.6230
-202.680|+25.8560|-23.6230
-202.740|+25.8560|-23.7060
-202.740|+25.8560|-23.7060
-202.740|+25.8560|-23.7060
-202.740|+25.8560|-23.7060
-202.740|+25.8560|-23.7060
-202.740|+25.8560|-23.7060
-202.740|+25.8560|-23.7060
-202.740|+25.8560|-23.7060
-202.740|+25.8560|-23.7060
-202.740|+25.8560|-23.7060
-202.740|+25.8560|-23.7060
-202.740|+25.8560|-23.7060
-202.740|+25.8560|-23.7060
-202.740|+25.8560|-23.7060
-202.740|+25.8560|-23.7060
-202.740|+25.8560|-23.7060
-202.740|+25.8560|-23.7060
-202.740|+25.8560|-23.7060
-202.740|+25.8560|-23.7060
-202.740|+25.8560|-23.7060
-202.740|+25.8560|-23.7060
-202.740|+25.8560|-23.7060
-202.740|+25.8560|-23.7060
-202.740|+25.8560|-23.7060
-202.679|+25.9570|-23.6240
-202.679|+25.9570|-23.6240
-202.679|+25.9570|-23.6240
-202.620|+25.9570|-23.5400
-202.620|+25.9570|-23.5400
-202.560|+25.9570|-23.4570
-202.501|+25.9570|-23.3740
-202.501|+25.9570|-23.3740
-202.380|+26.0590|-23.2080
-202.321|+26.0590|-23.1250
-202.245|+26.1090|-23.0530
-202.245|+26.1090|-23.0530
-202.140|+26.1600|-22.8760
-202.064|+26.2110|-22.8040
-201.960|+26.2620|-22.6270
-201.960|+26.2620|-22.6270
-201.824|+26.3120|-22.4730
-201.779|+26.3630|-22.3790
-201.599|+26.3630|-22.1300
-201.582|+26.4140|-22.1420
-201.417|+26.4650|-21.8820
-201.417|+26.4650|-21.8820
-201.220|+26.5160|-21.6460
-201.220|+26.5160|-21.6460
-201.054|+26.5670|-21.3870
-200.994|+26.5670|-21.3040
-200.873|+26.5670|-21.1390
-200.812|+26.5670|-21.0560
-200.675|+26.6170|-20.9030
-200.614|+26.6170|-20.8200
-200.553|+26.6170|-20.7380
-200.371|+26.6170|-20.4910
-200.371|+26.6170|-20.4910
-200.189|+26.6170|-20.2440
-200.006|+26.6170|-19.9970
-200.006|+26.6170|-19.9970
-199.822|+26.6170|-19.7500
-199.761|+26.6170|-19.6680
-199.639|+26.6170|-19.5040
-199.578|+26.6170|-19.4220
-199.455|+26.6170|-19.2580
-199.394|+26.6170|-19.1760
-199.210|+26.6170|-18.9300
-199.148|+26.6170|-18.8480
-198.964|+26.6170|-18.6020
-198.902|+26.6170|-18.5200
-198.717|+26.6170|-18.2750
-198.655|+26.6170|-18.1930
-198.470|+26.6170|-17.9490
-198.408|+26.6170|-17.8670
-198.222|+26.6170|-17.6220
-198.160|+26.6170|-17.5410
-197.974|+26.6170|-17.2960
-197.912|+26.6170|-17.2150
-197.850|+26.6170|-17.1340
-197.539|+26.6170|-16.7270
-197.476|+26.6170|-16.6460
-197.226|+26.6170|-16.3210
-197.164|+26.6170|-16.2400
-196.913|+26.6170|-15.9160
-196.788|+26.6170|-15.7540
-196.537|+26.6170|-15.4310
-196.474|+26.6170|-15.3500
-196.096|+26.6170|-14.8660
-196.033|+26.6170|-14.7850
-195.717|+26.6170|-14.3820
-195.590|+26.6170|-14.2220
-195.273|+26.6170|-13.8200
-195.145|+26.6170|-13.6590
-194.699|+26.6170|-13.0980
-194.635|+26.6170|-13.0180
-194.252|+26.6170|-12.5380
-194.059|+26.6170|-12.2990
-193.674|+26.6170|-11.8210
-193.545|+26.6170|-11.6610
-193.028|+26.6170|-11.0260
-192.834|+26.6170|-10.7880
-191.989|+26.6170|-9.75900
-191.793|+26.6170|-9.52200
-191.270|+26.6170|-8.89200
-191.073|+26.6170|-8.65600
-190.415|+26.6170|-7.87200
-190.217|+26.6170|-7.63700
-189.421|+26.6170|-6.70100
-189.222|+26.6170|-6.46700
-188.421|+26.6170|-5.53500
-188.220|+26.6170|-5.30300
-187.210|+26.6170|-4.14500
-186.940|+26.6170|-3.83700
-186.058|+26.6170|-2.84100
-185.717|+26.6170|-2.45800
-184.622|+26.6170|-1.24000
-184.278|+26.6170|-0.86100
-183.241|+26.6170|+0.27300
-182.894|+26.6170|+0.64900
-181.848|+26.6170|+1.77400
-181.498|+26.6170|+2.14700
-180.161|+26.6170|+3.56000
-179.807|+26.6170|+3.93000
-178.455|+26.6170|+5.33000
-178.241|+26.6170|+5.55000
-177.883|+26.6170|+5.91600
-176.227|+26.6170|+7.59000
-175.792|+26.6170|+8.02500
-174.117|+26.6170|+9.67900
-173.897|+26.6170|+9.89400
-172.573|+26.6170|+11.1760
-172.129|+26.6170|+11.6010
-170.494|+26.6170|+13.1510
-169.971|+26.6170|+13.6410
-168.469|+26.6170|+15.0330
-168.016|+26.6170|+15.4480
-166.422|+26.6170|+16.8920
-165.889|+26.6170|+17.3700
-163.957|+26.6680|+19.0500
-163.340|+26.6680|+19.5890
-161.620|+26.7180|+21.0430
-161.061|+26.7690|+21.4920
-158.918|+26.8700|+23.2380
-158.366|+26.8700|+23.6940
-156.504|+27.0210|+25.1360
-155.854|+27.0720|+25.6340
-153.975|+27.2230|+27.0510
-153.319|+27.2740|+27.5410
-151.003|+27.4750|+29.2280
-150.340|+27.5260|+29.7070
-148.997|+27.6770|+30.6430
-148.329|+27.7270|+31.1160
-145.205|+28.0290|+33.2490
-144.517|+28.1300|+33.6910
-143.065|+28.2810|+34.6460
-142.385|+28.3310|+35.0980
-139.372|+28.6320|+37.0220
-138.684|+28.6830|+37.4620
-136.087|+28.9840|+39.0850
-135.307|+29.0350|+39.5700
-132.966|+29.2360|+41.0220
-132.265|+29.2860|+41.4400
-129.546|+29.5380|+43.0520
-128.772|+29.5890|+43.5460
-126.400|+29.7400|+44.9420
-125.599|+29.7900|+45.3900
-123.215|+29.9920|+46.7670
-122.418|+29.9920|+47.2210
-119.569|+30.1940|+48.8090
-116.338|+30.3960|+50.5500
-115.527|+30.3960|+50.9790
-114.705|+30.4460|+51.3860
-111.356|+30.5980|+53.1190
-110.526|+30.6480|+53.5110
-107.512|+30.8010|+55.0040
-106.675|+30.8510|+55.3810
-104.100|+30.9020|+56.6110
-103.258|+30.9520|+56.9750
-100.655|+31.0530|+58.1460
-99.7310|+31.1040|+58.5750
-97.0160|+31.2050|+59.7450
-96.0780|+31.2050|+60.1420
-92.7780|+31.3060|+61.4980
-91.8240|+31.3560|+61.8580
-88.9760|+31.4570|+62.9700
-88.0310|+31.5080|+63.3510
-84.6790|+31.6590|+64.5700
-83.7260|+31.7100|+64.9340
-80.7450|+31.8110|+65.9790
-79.7740|+31.8610|+66.2880
-76.8720|+31.9620|+67.2510
-75.9080|+32.0130|+67.5820
-72.4060|+32.1140|+68.6770
-71.4250|+32.1640|+68.9520
-68.3930|+32.2650|+69.8390
-67.4180|+32.3170|+70.1360
-64.3720|+32.4180|+70.9720
-63.3870|+32.4180|+71.2350
-60.2280|+32.5190|+72.0450
-59.2390|+32.5190|+72.2900
-56.0670|+32.6200|+73.0450
-55.5700|+32.6200|+73.1600
-52.4870|+32.7210|+73.8450
-50.3930|+32.8220|+74.2850
-45.7940|+32.9230|+75.1910
-44.6880|+32.9730|+75.3740
-41.4760|+33.0740|+75.9370
-40.4710|+33.0740|+76.1060
-37.2480|+33.1230|+76.5950
-36.1360|+33.1730|+76.7400
-32.3000|+33.2230|+77.2520
-31.1880|+33.2230|+77.3960
-27.7490|+33.3240|+77.8040
-26.6360|+33.3240|+77.9270
-23.1900|+33.4250|+78.2710
-21.9720|+33.4250|+78.3830
-17.8090|+33.5260|+78.7140
-16.5900|+33.6270|+78.7940
-12.9290|+33.7280|+79.0090
-11.7080|+33.8290|+79.0650
-7.33200|+33.9300|+79.2290
-6.11000|+34.0310|+79.2580
-4.27700|+34.1320|+79.2920
-2.95300|+34.1320|+79.3110
+1.32400|+34.3340|+79.3170
+2.54600|+34.3340|+79.3070
+6.21200|+34.4350|+79.2380
+7.43300|+34.4850|+79.1820
+11.6050|+34.5360|+79.0390
+12.9280|+34.5870|+78.9910
+16.5870|+34.6370|+78.7500
+17.9080|+34.6370|+78.6580
+22.2740|+34.6880|+78.3210
+23.5920|+34.6880|+78.1980
+26.7330|+34.6880|+77.8770
+28.0480|+34.6880|+77.7310
+31.7890|+34.6880|+77.2760
+33.1020|+34.6880|+77.1020
+37.4360|+34.6880|+76.4790
+38.7480|+34.6390|+76.2970
+42.4650|+34.6390|+75.6790
+43.6690|+34.6390|+75.4670
+48.0820|+34.5390|+74.6800
+49.2800|+34.5390|+74.4400
+52.8730|+34.4900|+73.7060
+54.0670|+34.4900|+73.4420
+59.3290|+34.4400|+72.2280
+60.4220|+34.3900|+71.9790
+64.4710|+34.3410|+70.9470
+65.5520|+34.3410|+70.6530
+68.8870|+34.3410|+69.7140
+69.8660|+34.3410|+69.4280
+73.6770|+34.1900|+68.3030
+74.8440|+34.1900|+67.9360
+78.0520|+34.0390|+66.9240
+79.1150|+34.0390|+66.5690
+82.4020|+33.7870|+65.4690
+83.5560|+33.6860|+65.0630
+87.3960|+33.3330|+63.6900
+88.4460|+33.2320|+63.2960
+91.7820|+32.9800|+62.0270
+92.9270|+32.8290|+61.5950
+96.1530|+32.5270|+60.3210
+97.2880|+32.4770|+59.8630
+101.074|+32.1270|+58.3350
+102.201|+32.0770|+57.8530
+105.483|+31.7760|+56.4400
+108.755|+31.5250|+54.9950
+109.773|+31.4750|+54.5200
+111.357|+31.3250|+53.8040
+112.370|+31.2750|+53.3170
+114.491|+31.1250|+52.3010
+115.399|+31.0240|+51.8320
+118.336|+30.7730|+50.3870
+119.245|+30.7230|+49.9170
+122.406|+30.4710|+48.2360
+123.306|+30.4210|+47.7490
+125.819|+30.1680|+46.3720
+126.614|+30.0670|+45.9070
+129.446|+29.8650|+44.2600
+130.233|+29.7640|+43.7820
+132.506|+29.6120|+42.3970
+133.286|+29.5100|+41.9080
+135.873|+29.3070|+40.2520
+136.559|+29.2060|+39.8060
+138.790|+29.0540|+38.3530
+139.470|+28.9520|+37.8970
+141.934|+28.6990|+36.2400
+142.618|+28.6480|+35.7890
+144.974|+28.3950|+34.1540
+145.651|+28.3450|+33.6920
+147.558|+28.1410|+32.3090
+148.229|+28.0910|+31.8390
+150.294|+27.8370|+30.3240
+150.865|+27.8370|+29.8900
+152.330|+27.6340|+28.7710
+152.909|+27.5840|+28.3480
+154.834|+27.3300|+26.8170
+155.315|+27.3300|+26.4350
+156.901|+27.1770|+25.1380
+157.390|+27.1260|+24.7660
+159.132|+27.0250|+23.3350
+159.592|+26.9740|+22.9280
+161.018|+26.8220|+21.7580
+161.486|+26.8220|+21.3600
+163.042|+26.7200|+20.0260
+163.429|+26.7200|+19.6910
+164.740|+26.6180|+18.5450
+165.201|+26.6180|+18.1380
+166.577|+26.5170|+16.9110
+167.034|+26.5170|+16.4990
+168.247|+26.4150|+15.3970
+168.625|+26.4150|+15.0510
+169.227|+26.4150|+14.4950
+170.726|+26.3140|+13.0990
+171.173|+26.3140|+12.6770
+172.434|+26.3140|+11.4760
+172.804|+26.3140|+11.1210
+173.527|+26.2630|+10.3950
+173.908|+26.2120|+10.0520
+175.660|+26.2120|+8.32800
+176.023|+26.2120|+7.96600
+177.035|+26.2120|+6.95000
+177.324|+26.2120|+6.65800
+178.400|+26.2120|+5.56100
+178.757|+26.2120|+5.19400
+179.611|+26.2120|+4.31000
+179.895|+26.2120|+4.01400
+180.743|+26.2120|+3.12500
+181.025|+26.2120|+2.82700
+182.007|+26.2120|+1.78200
+182.217|+26.2120|+1.55700
+182.984|+26.2120|+0.73200
+183.261|+26.2120|+0.43000
+184.092|+26.2120|-0.47600
+184.299|+26.2120|-0.70300
+184.987|+26.2120|-1.46200
+185.193|+26.2120|-1.69100
+185.876|+26.2120|-2.45400
+186.081|+26.2120|-2.68300
+186.760|+26.2120|-3.45000
+186.964|+26.2120|-3.68000
+187.572|+26.2120|-4.37300
+187.707|+26.2120|-4.52800
+188.312|+26.2120|-5.22300
+188.513|+26.2120|-5.45600
+189.114|+26.2120|-6.15500
+189.248|+26.2120|-6.31000
+189.713|+26.2120|-6.85600
+189.846|+26.2120|-7.01200
+190.177|+26.2120|-7.40200
+190.310|+26.2120|-7.55900
+190.640|+26.2120|-7.95000
+190.772|+26.2120|-8.10700
+191.035|+26.2120|-8.42100
+191.101|+26.2120|-8.50000
+191.166|+26.2120|-8.57800
+191.494|+26.2120|-8.97200
+191.560|+26.2120|-9.05000
+191.691|+26.2120|-9.20800
+191.756|+26.2120|-9.28700
+191.952|+26.2120|-9.52400
+191.952|+26.2120|-9.52400
+192.083|+26.2120|-9.68100
+192.148|+26.2120|-9.76000
+192.213|+26.2120|-9.84000
+192.213|+26.2120|-9.84000
+192.279|+26.2120|-9.91900
+192.344|+26.2120|-9.99800
+192.344|+26.2120|-9.99800
+192.344|+26.2120|-9.99800
+192.409|+26.2120|-10.0770
+192.409|+26.2120|-10.0770
+192.409|+26.2120|-10.0770
+192.409|+26.2120|-10.0770
+192.410|+26.1100|-10.0760
+192.410|+26.1100|-10.0760
+192.410|+26.1100|-10.0760
+192.410|+26.1100|-10.0760
+192.411|+26.0090|-10.0750
+192.411|+26.0090|-10.0750
+192.331|+25.9580|-10.0080
+192.331|+25.9580|-10.0080
+192.281|+25.9070|-9.91600
+192.281|+25.9070|-9.91600
+192.217|+25.8060|-9.83700
+192.217|+25.8060|-9.83700
+192.167|+25.7550|-9.74500
+192.102|+25.7550|-9.66600
+191.986|+25.7040|-9.49500
+191.921|+25.7040|-9.41600
+191.806|+25.6540|-9.24600
+191.806|+25.6540|-9.24600
+191.675|+25.6540|-9.08800
+191.609|+25.6540|-9.01000
+191.544|+25.6540|-8.93100
+191.296|+25.6030|-8.60300
+191.231|+25.6030|-8.52500
+191.099|+25.6030|-8.36700
+190.968|+25.6030|-8.21000
+190.770|+25.6030|-7.97500
+190.704|+25.6030|-7.89600
+190.440|+25.6030|-7.58300
+190.322|+25.6540|-7.41400
+189.991|+25.6540|-7.02300
+189.858|+25.6540|-6.86700
+189.459|+25.6540|-6.39900
+189.340|+25.7050|-6.23100
+188.857|+25.7560|-5.70000
+188.657|+25.7560|-5.46700
+188.201|+25.8070|-4.91200
+188.000|+25.8070|-4.68000
+187.460|+25.8070|-4.06300
+187.271|+25.8580|-3.81900
+186.607|+25.9090|-3.03800
+186.403|+25.9090|-2.80800
+185.803|+25.9600|-2.10700
+185.544|+26.0110|-1.78900
+184.802|+26.0620|-0.93900
+184.540|+26.1130|-0.62200
+184.209|+26.1640|-0.23100
+183.196|+26.2660|+0.92800
+183.001|+26.3170|+1.16600
+182.189|+26.4190|+2.09300
+181.852|+26.4700|+2.47900
+180.821|+26.6740|+3.62200
+180.480|+26.7250|+4.00700
+179.466|+26.9290|+5.16800
+179.122|+26.9810|+5.54900
+177.955|+27.1850|+6.84800
+177.548|+27.2880|+7.31300
+176.028|+27.5950|+8.98900
+175.543|+27.6970|+9.52100
+174.137|+27.9540|+11.0230
+173.558|+28.0050|+11.6080
+171.896|+28.3120|+13.2920
+171.296|+28.4140|+13.8550
+169.119|+28.7710|+15.8930
+168.435|+28.8730|+16.5160
+166.277|+29.2300|+18.4220
+165.595|+29.3830|+19.0480
+163.343|+29.6890|+21.0030
+162.560|+29.8930|+21.6690
+160.671|+30.1990|+23.2580
+159.878|+30.4030|+23.9130
+158.606|+30.6070|+24.9560
+157.819|+30.7600|+25.6170
+155.313|+31.2190|+27.5880
+154.422|+31.4220|+28.2830
+151.402|+31.9320|+30.5960
+150.426|+32.0860|+31.3510
+147.601|+32.4420|+33.4090
+146.695|+32.5950|+34.0850
+143.663|+32.9510|+36.2080
+142.650|+33.0530|+36.9110
+138.914|+33.5130|+39.4590
+137.798|+33.6150|+40.1950
+134.418|+33.9710|+42.3500
+133.297|+34.1240|+43.0750
+129.783|+34.4800|+45.2100
+128.558|+34.6340|+45.9640
+124.372|+35.0910|+48.3730
+123.218|+35.2450|+49.0450
+119.526|+35.6530|+51.0740
+119.526|+35.6530|+51.0740
+119.526|+35.6530|+51.0740
+119.526|+35.6530|+51.0740
+119.526|+35.6530|+51.0740
+119.526|+35.6530|+51.0740
+119.526|+35.6530|+51.0740
+119.526|+35.6530|+51.0740
+118.256|+35.8560|+51.7490
+105.737|+37.2830|+57.9460
+88.5860|+38.4530|+65.1010
+87.3290|+38.5020|+65.5500
+83.7660|+38.5540|+66.8670
+78.8150|+38.5540|+68.5720
+77.5470|+38.5540|+68.9900
+73.3390|+38.5540|+70.3240
+72.0620|+38.5540|+70.7120
+68.4170|+38.5540|+71.7810
+67.2310|+38.5540|+72.1150
+63.0680|+38.5540|+73.2410
+61.8750|+38.5540|+73.5490
+58.1840|+38.5020|+74.4470
+56.9850|+38.5020|+74.7310
+53.3780|+38.4500|+75.5330
+52.1780|+38.4010|+75.8150
+47.8510|+38.2470|+76.6890
+46.5410|+38.2470|+76.9420
+42.9060|+38.1450|+77.6100
+41.5900|+38.1450|+77.8360
+37.8400|+38.1450|+78.4400
+36.5200|+38.1450|+78.6390
+32.0490|+38.0950|+79.2810
+30.7220|+38.0430|+79.4330
+29.3970|+38.0430|+79.5930
+23.4770|+37.9410|+80.2300
+22.1480|+37.9410|+80.3520
+18.0560|+37.7900|+80.7100
+16.7240|+37.7380|+80.7870
+12.6240|+37.6360|+81.0340
+11.2920|+37.5860|+81.1200
+5.85200|+37.4320|+81.2970
+4.41600|+37.3820|+81.3480
+0.20500|+37.2810|+81.3930
-1.13000|+37.2810|+81.3900
-5.44200|+37.1790|+81.3390
-6.88000|+37.1790|+81.3040
-12.0110|+36.9750|+81.1210
-13.4470|+36.9750|+81.0470
-17.8560|+36.7710|+80.7820
-19.1890|+36.7210|+80.7040
-23.4880|+36.5180|+80.3470
-24.8170|+36.4160|+80.2230
-26.2460|+36.3640|+80.0600
-31.6570|+36.1100|+79.4610
-33.0840|+36.0080|+79.2790
-37.8650|+35.8050|+78.6040
-39.1850|+35.7030|+78.4030
-43.3410|+35.4990|+77.7170
-44.6570|+35.3970|+77.4870
-48.6970|+35.0910|+76.7340
-50.1080|+34.9900|+76.4540
-54.8340|+34.5820|+75.4580
-56.1340|+34.4280|+75.1500
-60.2390|+34.0730|+74.2020
-61.6350|+33.9710|+73.8560
-65.6150|+33.5630|+72.8260
-67.0040|+33.4610|+72.4480
-71.7480|+33.0530|+71.0940
-73.0280|+32.9510|+70.7110
-77.0520|+32.5440|+69.4610
-78.3240|+32.4420|+69.0490
-82.2220|+32.0340|+67.7420
-83.4840|+31.9320|+67.3030
-88.0290|+31.4220|+65.6620
-89.2800|+31.3200|+65.1910
-93.0180|+30.9130|+63.7410
-94.2600|+30.7090|+63.2460
-99.6690|+30.0970|+60.9890
-100.887|+29.9440|+60.4400
-104.922|+29.4340|+58.6320
-106.050|+29.2810|+58.1320
-109.395|+28.8730|+56.5460
-110.405|+28.7200|+56.0350
-113.718|+28.3120|+54.3840
-114.816|+28.2100|+53.8220
-118.550|+27.7000|+51.8630
-119.636|+27.5980|+51.2770
-122.688|+27.2410|+49.5710
-123.674|+27.1390|+49.0160
-126.713|+26.7820|+47.2860
-127.687|+26.6800|+46.7120
-131.025|+26.3230|+44.6780
-131.988|+26.2210|+44.0850
-134.687|+25.9150|+42.3880
-135.562|+25.8650|+41.8480
-138.651|+25.5070|+39.8060
-139.506|+25.4060|+39.2350
-142.068|+25.1510|+37.5150
-142.903|+25.1000|+36.9140
-145.843|+24.6920|+34.8380
-146.678|+24.5900|+34.2370
-148.836|+24.2840|+32.6590
-149.673|+24.2330|+32.0600
-152.531|+23.9780|+29.8710
-153.345|+23.8760|+29.2430
-155.690|+23.7740|+27.4000
-156.505|+23.7230|+26.7730
-158.809|+23.6720|+24.8790
-159.602|+23.6720|+24.2240
-162.201|+23.6720|+22.0410
-162.982|+23.6720|+21.3720
-165.233|+23.6720|+19.4150
-165.927|+23.6720|+18.8020
-168.451|+23.6720|+16.5340
-169.134|+23.6720|+15.9090
-171.244|+23.7740|+13.9490
-171.918|+23.7740|+13.3140
-173.998|+23.8760|+11.3230
-174.661|+23.8760|+10.6780
-177.002|+23.8760|+8.36400
-177.641|+23.9270|+7.69400
-179.670|+23.9780|+5.65000
-180.312|+23.9780|+4.98400
-182.212|+24.0290|+2.95900
-182.844|+24.0290|+2.28300
-185.088|+24.0800|-0.12500
-185.709|+24.0800|-0.81100
-187.558|+24.0800|-2.88300
-188.169|+24.0800|-3.57800
-190.053|+24.0800|-5.75600
-190.654|+24.0800|-6.46000
-192.782|+24.0290|-8.97100
-193.421|+23.9780|-9.77700
-195.185|+23.9270|-11.9220
-195.762|+23.9270|-12.6450
-197.779|+23.8760|-15.2460
-198.360|+23.8250|-15.9670
-199.977|+23.8250|-18.0970
-200.532|+23.8250|-18.8380
-202.119|+23.8250|-20.9900
-202.587|+23.7740|-21.6670
-204.397|+23.7230|-24.1660
-204.870|+23.7230|-24.8390
-206.277|+23.6210|-26.8680
-206.725|+23.5700|-27.5580
-207.991|+23.4680|-29.4340
-208.446|+23.3660|-30.1190
-209.094|+23.1620|-31.1700
-209.135|+23.1110|-31.2660
-209.223|+22.9070|-31.3320
-209.238|+22.8560|-31.3210
-209.291|+22.3960|-31.1640
-209.266|+22.2940|-31.0570
-209.246|+21.9870|-30.8240
-209.189|+21.9870|-30.7380
-209.189|+21.9870|-30.7380
-209.246|+22.0890|-30.8240
-209.288|+22.3440|-30.9200
-209.345|+22.4470|-31.0050
-209.329|+22.4980|-31.0160
-209.314|+22.5490|-31.0260
-209.258|+22.7530|-30.9390
-209.242|+22.9060|-30.9500
-209.148|+23.5190|-31.0110
-209.101|+23.6720|-31.0430
-208.949|+23.9780|-31.0190
-208.917|+24.0800|-31.0400
-208.869|+24.2320|-31.0720
-208.853|+24.2830|-31.0820
-208.805|+24.4360|-31.1140
-208.805|+24.4360|-31.1140
-208.805|+24.4360|-31.1140
-208.805|+24.4360|-31.1140
-208.805|+24.4360|-31.1140
-208.805|+24.4360|-31.1140
-208.805|+24.4360|-31.1140
-208.805|+24.4360|-31.1140
-208.805|+24.4360|-31.1140
-208.805|+24.4360|-31.1140
-208.805|+24.4360|-31.1140
-208.789|+24.4870|-31.1240
-208.789|+24.5890|-31.1250
-208.789|+24.5890|-31.1250
-208.789|+24.5890|-31.1250
-208.789|+24.5890|-31.1250
-208.732|+24.5890|-31.0390
-208.732|+24.5890|-31.0390
-208.748|+24.6400|-31.0290
-208.748|+24.6400|-31.0290
-208.691|+24.6400|-30.9430
-208.691|+24.6400|-30.9430
-208.691|+24.6400|-30.9430
-208.691|+24.6400|-30.9430
-208.707|+24.5890|-30.9320
-208.707|+24.5890|-30.9320
-208.667|+24.5380|-30.8360
-208.667|+24.5380|-30.8360
-208.651|+24.4870|-30.8460
-208.667|+24.4360|-30.8350
-208.627|+24.3850|-30.7390
-208.627|+24.3850|-30.7390
-208.627|+24.3850|-30.7390
-208.571|+24.2830|-30.6530
-208.514|+24.2830|-30.5670
-208.530|+24.2320|-30.5570
-208.530|+24.2320|-30.5570
-208.473|+24.2320|-30.4710
-208.473|+24.2320|-30.4710
-208.417|+24.2320|-30.3850
-208.417|+24.2320|-30.3850
-208.417|+24.2320|-30.3850
-208.360|+24.2320|-30.3000
-208.360|+24.2320|-30.3000
-208.303|+24.2320|-30.2140
-208.246|+24.2320|-30.1280
-208.189|+24.2320|-30.0430
-208.132|+24.2320|-29.9570
-208.076|+24.2320|-29.8710
-207.962|+24.2320|-29.7000
-207.905|+24.2320|-29.6150
-207.848|+24.2320|-29.5290
-207.790|+24.2320|-29.4440
-207.733|+24.2320|-29.3590
-207.676|+24.2320|-29.2730
-207.562|+24.2320|-29.1020
-207.562|+24.2320|-29.1020
-207.447|+24.2320|-28.9320
-207.390|+24.2320|-28.8460
-207.275|+24.2320|-28.6760
-207.217|+24.2320|-28.5910
-207.029|+24.2830|-28.3460
-206.971|+24.2830|-28.2610
-206.798|+24.3850|-28.0060
-206.740|+24.3850|-27.9210
-206.567|+24.4870|-27.6660
-206.509|+24.4870|-27.5810
-206.276|+24.6910|-27.2420
-206.160|+24.6910|-27.0730
-206.101|+24.7930|-26.9880
-205.751|+24.9970|-26.4810
-205.634|+25.0990|-26.3120
-205.340|+25.3020|-25.8910
-205.222|+25.4040|-25.7220
-204.809|+25.6080|-25.1330
-204.631|+25.7100|-24.8810
-204.215|+26.0160|-24.2950
-204.036|+26.1180|-24.0440
-203.498|+26.4230|-23.2920
-203.334|+26.4740|-23.0300
-202.897|+26.6270|-22.4580
-202.716|+26.7290|-22.2080
-202.110|+27.0350|-21.3780
-201.883|+27.0860|-21.0350
-201.088|+27.3920|-19.9610
-200.904|+27.4940|-19.7140
-200.104|+27.6970|-18.6450
-199.856|+27.7990|-18.3170
-199.032|+28.0540|-17.2650
-198.721|+28.0540|-16.8560
-197.652|+28.3590|-15.4740
-197.336|+28.4610|-15.0690
-196.383|+28.6650|-13.8580
-196.000|+28.7670|-13.3750
-194.986|+29.0220|-12.0810
-194.585|+29.0730|-11.6130
-193.218|+29.3780|-9.94300
-192.825|+29.4800|-9.46800
-191.389|+29.7350|-7.72200
-190.990|+29.8370|-7.25200
-189.439|+30.0910|-5.47000
-189.034|+30.1930|-5.00500
-187.610|+30.4990|-3.38500
-187.148|+30.5500|-2.83400
-185.760|+30.8040|-1.31800
-185.277|+30.9060|-0.78600
-183.552|+31.1610|+1.11700
-183.049|+31.2120|+1.63100
-181.499|+31.4150|+3.27500
-181.002|+31.5170|+3.79500
-179.373|+31.7730|+5.50600
-178.798|+31.8740|+6.09300
-176.842|+32.1800|+8.06000
-176.259|+32.2820|+8.63800
-174.410|+32.5360|+10.4200
-173.745|+32.6380|+11.0620
-171.809|+32.9430|+12.9000
-171.220|+33.0970|+13.4740
-168.881|+33.4020|+15.6330
-168.106|+33.5540|+16.3070
-166.048|+33.9110|+18.1650
-165.354|+34.0130|+18.7750
-163.180|+34.3190|+20.6560
-162.473|+34.5220|+21.2520
-159.873|+34.9290|+23.4250
-159.160|+35.0310|+24.0120
-156.842|+35.4380|+25.8810
-156.039|+35.5400|+26.5200
-153.611|+35.9470|+28.4140
-152.797|+36.0490|+29.0400
-150.269|+36.4060|+30.9720
-149.432|+36.5580|+31.5660
-146.277|+36.9650|+33.8590
-145.441|+37.0670|+34.4540
-142.663|+37.4740|+36.3910
-141.817|+37.5760|+36.9710
-138.919|+37.9830|+38.9140
-137.977|+38.0840|+39.5350
-134.534|+38.5430|+41.7690
-133.567|+38.6950|+42.3510
-130.511|+39.0000|+44.2350
-129.553|+39.1540|+44.8310
-126.451|+39.5080|+46.6380
-125.296|+39.6100|+47.3050
-121.540|+40.0170|+49.4130
-120.461|+40.1190|+50.0040
-117.115|+40.4240|+51.7930
-116.017|+40.4730|+52.3490
-112.636|+40.7780|+54.0690
-111.538|+40.7780|+54.6220
-107.562|+41.0310|+56.5260
-106.448|+41.1330|+57.0480
-103.000|+41.3360|+58.6280
-101.876|+41.4380|+59.1260
-97.6440|+41.6410|+60.9590
-96.4230|+41.6930|+61.4910
-92.8080|+41.8440|+62.9420
-91.5680|+41.9460|+63.4280
-87.8370|+42.0470|+64.8590
-86.4900|+42.1490|+65.3540
-82.1480|+42.2500|+66.9070
-80.8950|+42.3030|+67.3570
-77.0000|+42.3520|+68.6340
-75.6320|+42.4540|+69.0660
-71.8150|+42.4540|+70.2480
-70.4380|+42.5550|+70.6500
-65.8060|+42.5550|+71.9660
-64.5210|+42.5550|+72.3150
-60.3550|+42.5550|+73.3930
-59.0620|+42.5550|+73.7120
-54.2730|+42.5550|+74.8310
-52.8720|+42.5550|+75.1390
-48.7600|+42.5550|+75.9960
-47.3520|+42.5550|+76.2730
-43.1210|+42.5550|+77.0540
-41.7070|+42.5550|+77.2980
-36.7500|+42.5550|+78.0880
-35.3300|+42.5550|+78.2960
-30.9650|+42.4540|+78.8900
-29.5410|+42.4540|+79.0640
-25.1620|+42.4540|+79.5480
-23.6320|+42.4540|+79.6980
-18.3240|+42.3520|+80.1540
-16.7910|+42.3520|+80.2630
-12.0860|+42.2500|+80.5440
-10.5510|+42.2500|+80.6130
-5.12300|+42.1490|+80.7920
-4.30300|+42.1490|+80.8070
+0.41000|+42.0470|+80.8520
+1.94700|+42.0470|+80.8450
+6.55800|+41.9460|+80.7740
+8.09400|+41.9460|+80.7280
+13.5220|+41.7950|+80.5230
+15.0560|+41.7420|+80.4200
+19.8610|+41.5390|+80.0970
+21.3930|+41.5390|+79.9700
+26.9040|+41.2340|+79.4560
+28.4330|+41.1330|+79.2930
+33.1170|+40.8800|+78.7470
+34.6360|+40.7760|+78.5080
+39.3050|+40.4210|+77.8520
+40.8240|+40.3190|+77.6110
+46.2820|+39.8110|+76.6780
+47.7930|+39.7090|+76.3940
+52.4210|+39.2010|+75.4790
+54.0220|+39.0470|+75.1200
+58.6250|+38.5390|+74.0850
+60.1220|+38.3350|+73.7310
+65.4970|+37.6750|+72.3920
+67.0830|+37.4720|+71.9670
+71.6260|+36.8610|+70.6880
+73.1960|+36.6060|+70.2070
+78.4860|+35.8940|+68.5580
+79.9490|+35.6900|+68.0790
+84.5130|+35.0800|+66.5170
+90.3920|+34.1630|+64.3630
+91.8290|+33.9600|+63.8090
+96.6900|+33.1450|+61.8630
+98.1110|+32.9420|+61.2700
+102.158|+32.2790|+59.5040
+103.480|+32.0250|+58.9380
+107.491|+31.4140|+57.0910
+108.782|+31.1590|+56.4590
+113.308|+30.3960|+54.2590
+114.491|+30.1410|+53.6400
+118.136|+29.4280|+51.7430
+119.313|+29.2240|+51.1130
+124.882|+28.0020|+48.0220
+126.038|+27.7980|+47.3550
+129.665|+26.8810|+45.2120
+130.631|+26.6770|+44.6260
+133.677|+25.9130|+42.7160
+134.642|+25.6590|+42.1270
+137.478|+24.8940|+40.2700
+138.421|+24.6910|+39.6470
+141.148|+23.9780|+37.8100
+141.995|+23.7740|+37.2280
+145.106|+22.9590|+35.0450
+145.941|+22.7550|+34.4460
+148.430|+22.1440|+32.6280
+149.255|+21.9400|+32.0160
+152.038|+21.2270|+29.9060
+152.839|+20.9720|+29.2620
+155.112|+20.4120|+27.4990
+155.822|+20.1570|+26.9070
+158.464|+19.4950|+24.7820
+159.096|+19.2910|+24.2570
+161.140|+18.6800|+22.5370
+161.842|+18.4760|+21.9370
+164.001|+17.8150|+20.0360
+164.630|+17.6620|+19.5070
+166.073|+17.2040|+18.1930
+166.682|+17.0000|+17.6420
+168.059|+16.5410|+16.4090
+168.575|+16.3890|+15.9070
+170.387|+15.8280|+14.2370
+170.895|+15.6760|+13.7280
+172.304|+15.2690|+12.3780
+172.747|+15.1670|+11.9500
+174.141|+14.7600|+10.5850
+174.579|+14.6580|+10.1530
+176.034|+14.3530|+8.70300
+176.468|+14.2510|+8.26600
+177.693|+14.0470|+7.02300
+178.122|+13.9450|+6.58100
+179.264|+13.7420|+5.40000
+179.689|+13.6400|+4.95500
+181.032|+13.4360|+3.54000
+181.397|+13.3850|+3.17900
+182.433|+13.2330|+2.04000
+182.780|+13.1310|+1.66200
+184.027|+12.9280|+0.29800
+184.304|+12.9280|-0.00500
+185.333|+12.7240|-1.15000
+185.592|+12.6740|-1.46900
+186.084|+12.6220|-1.99300
+186.354|+12.5200|-2.30200
+187.368|+12.3170|-3.46100
+187.639|+12.3170|-3.76900
+188.442|+12.1130|-4.70300
+188.644|+12.1130|-4.93600
+189.361|+11.9620|-5.80700
+189.641|+11.9100|-6.10800
+190.370|+11.8080|-6.97100
+190.568|+11.8080|-7.20600
+191.226|+11.7060|-7.99400
+191.424|+11.7060|-8.23000
+191.949|+11.7060|-8.86000
+192.080|+11.7060|-9.01800
+192.603|+11.7060|-9.65100
+192.734|+11.7060|-9.80900
+193.189|+11.7060|-10.3650
+193.319|+11.7060|-10.5240
+193.773|+11.7060|-11.0810
+193.902|+11.7060|-11.2400
+194.289|+11.7060|-11.7190
+194.418|+11.7060|-11.8790
+194.867|+11.7060|-12.4390
+194.996|+11.7060|-12.5990
+195.315|+11.7060|-13.0010
+195.366|+11.7580|-13.0910
+195.749|+11.7580|-13.5740
+195.876|+11.7580|-13.7350
+196.193|+11.7580|-14.1380
+196.320|+11.7580|-14.2990
+196.700|+11.7580|-14.7840
+196.826|+11.7580|-14.9460
+197.078|+11.7580|-15.2700
+197.643|+11.7580|-16.0000
+197.768|+11.7580|-16.1630
+198.143|+11.7580|-16.6510
+198.268|+11.7580|-16.8140
+198.641|+11.7580|-17.3040
+198.765|+11.7580|-17.4670
+199.137|+11.7580|-17.9580
+199.261|+11.7580|-18.1220
+199.569|+11.7580|-18.5320
+199.692|+11.7580|-18.6960
+199.999|+11.7580|-19.1070
+200.061|+11.7580|-19.1890
+200.367|+11.7580|-19.6010
+200.489|+11.7580|-19.7660
+200.733|+11.7580|-20.0960
+200.794|+11.7580|-20.1780
+200.977|+11.7580|-20.4260
+201.038|+11.7580|-20.5090
+201.341|+11.7580|-20.9220
+201.402|+11.7580|-21.0050
+201.583|+11.7580|-21.2540
+201.644|+11.7580|-21.3370
+201.825|+11.7580|-21.5860
+201.885|+11.7580|-21.6690
+202.006|+11.7580|-21.8350
+202.006|+11.7580|-21.8350
+202.187|+11.7580|-22.0840
+202.187|+11.7580|-22.0840
+202.307|+11.7580|-22.2500
+202.307|+11.7580|-22.2500
+202.427|+11.7580|-22.4170
+202.487|+11.7580|-22.5000
+202.547|+11.7580|-22.5830
+202.547|+11.7580|-22.5830
+202.607|+11.7580|-22.6670
+202.607|+11.7580|-22.6670
+202.667|+11.7580|-22.7500
+202.667|+11.7580|-22.7500
+202.727|+11.7580|-22.8330
+202.727|+11.7580|-22.8330
+202.727|+11.7580|-22.8330
+202.727|+11.7580|-22.8330
+202.727|+11.7580|-22.8330
+202.727|+11.7580|-22.8330
+202.727|+11.7580|-22.8330
+202.727|+11.7580|-22.8330
+202.744|+11.8080|-22.8210
+202.744|+11.8080|-22.8210
+202.671|+11.8600|-22.7470
+202.671|+11.8600|-22.7470
+202.611|+11.8600|-22.6640
+202.551|+11.8600|-22.5800
+202.431|+11.8600|-22.4140
+202.431|+11.8600|-22.4140
+202.237|+11.9120|-22.1740
+202.237|+11.9120|-22.1740
+202.014|+11.9620|-21.8290
+201.953|+11.9620|-21.7460
+201.772|+11.9620|-21.4970
+201.698|+12.0130|-21.4240
+201.352|+12.0630|-20.9140
+201.292|+12.0630|-20.8310
+200.917|+12.2170|-20.3420
+200.796|+12.2170|-20.1770
+200.376|+12.4200|-19.5950
+200.270|+12.4700|-19.4170
+199.650|+12.7260|-18.6000
+199.468|+12.8270|-18.3510
+198.938|+13.1830|-17.5940
+198.756|+13.2850|-17.3460
+198.129|+13.6420|-16.5330
+197.885|+13.8450|-16.2020
+197.021|+14.3540|-15.0540
+196.788|+14.5060|-14.7150
+196.025|+14.9650|-13.7480
+195.712|+15.1680|-13.3410
+194.845|+15.7280|-12.1940
+194.592|+15.9310|-11.8700
+193.444|+16.6440|-10.4220
+193.109|+16.8990|-10.0320
+192.091|+17.5610|-8.74300
+191.766|+17.7640|-8.34500
+190.669|+18.5280|-6.98600
+190.326|+18.7830|-6.60400
+188.933|+19.6990|-4.95700
+188.533|+20.0050|-4.48800
+187.201|+20.8710|-2.92400
+186.794|+21.1760|-2.46100
+185.290|+22.0930|-0.77400
+184.808|+22.3990|-0.24000
+182.931|+23.6210|+1.80200
+182.384|+23.9780|+2.41500
+180.629|+25.0470|+4.29100
+179.987|+25.3530|+4.95600
+177.780|+26.6780|+7.25300
+177.066|+27.0350|+7.99200
+175.011|+28.1560|+10.0060
+174.284|+28.5130|+10.7320
+172.044|+29.6330|+12.8500
+171.292|+29.9390|+13.5500
+168.556|+31.1610|+16.0390
+167.788|+31.5690|+16.7210
+165.317|+32.4860|+18.8890
+164.538|+32.7910|+19.5580
+161.553|+33.9110|+22.0720
+160.671|+34.1650|+22.7780
+158.050|+35.0310|+24.9250
+157.165|+35.3370|+25.6260
+154.402|+36.0990|+27.7600
+153.436|+36.3540|+28.5240
+150.056|+37.2180|+31.0300
+149.073|+37.4740|+31.7720
+145.974|+38.2360|+33.9650
+144.870|+38.4890|+34.7140
+141.132|+39.3520|+37.2420
+140.011|+39.6050|+37.9640
+136.560|+40.3660|+40.1800
+135.415|+40.5670|+40.8640
+131.177|+41.4240|+43.3620
+130.016|+41.6240|+44.0150
+126.224|+42.3240|+46.0510
+124.961|+42.5240|+46.7280
+121.215|+43.2220|+48.6210
+119.926|+43.4700|+49.2470
+115.191|+44.2090|+51.4350
+113.887|+44.4570|+52.0240
+109.751|+45.1450|+53.7840
+108.343|+45.3930|+54.3830
+103.390|+46.2730|+56.2880
+101.952|+46.5160|+56.8100
+97.7160|+47.2430|+58.2780
+96.3610|+47.4850|+58.7220
+91.3310|+48.3580|+60.3480
+89.8780|+48.6510|+60.8030
+85.3770|+49.4680|+62.0560
+83.9150|+49.7600|+62.4710
+79.3010|+50.6250|+63.6460
+77.7360|+50.9160|+64.0530
+72.2250|+51.9250|+65.3310
+70.6520|+52.2140|+65.6880
+67.4940|+52.8400|+66.3420
+65.9160|+53.1280|+66.6660
+60.1860|+54.1860|+67.7540
+58.6020|+54.4730|+68.0270
+52.7740|+55.5380|+69.0340
+50.9980|+55.8300|+69.3380
+45.9510|+56.7510|+70.0840
+44.2680|+57.0420|+70.3170
+38.3260|+58.0660|+71.0860
+36.6390|+58.3560|+71.2640
+31.4810|+59.2860|+71.7930
+29.6960|+59.5290|+71.9610
+24.5340|+60.4640|+72.3790
+22.8440|+60.8060|+72.4700
+16.7860|+61.7920|+72.8120
+14.9990|+62.1400|+72.8960
+9.92900|+63.0730|+72.9840
+8.24000|+63.3680|+72.9990
+2.28200|+64.3980|+72.9340
+0.69400|+64.6930|+72.8930
-4.46100|+65.5330|+72.7290
-6.24400|+65.8270|+72.6370
-11.5850|+66.6590|+72.2690
-13.2640|+66.9540|+72.1290
-19.3770|+67.8370|+71.5520
-21.1470|+68.1310|+71.3470
-26.3530|+68.8710|+70.7130
-28.2120|+69.1120|+70.4330
-34.2680|+69.8960|+69.4870
-36.0230|+70.1450|+69.2000
-41.2660|+70.8310|+68.2090
-43.0090|+71.0270|+67.8590
-48.3090|+71.6590|+66.6810
-50.0390|+71.8540|+66.2780
-56.1700|+72.4940|+64.7750
-57.7890|+72.6900|+64.3370
-63.0150|+73.0810|+62.8930
-64.7140|+73.2760|+62.3810
-70.6440|+73.6670|+60.5490
-72.2370|+73.7640|+60.0300
-77.1760|+74.0570|+58.3430
-78.8420|+74.1020|+57.7360
-83.8390|+74.2530|+55.9200
-85.5000|+74.3060|+55.3030
-90.4330|+74.3500|+53.3210
-92.0710|+74.3500|+52.6450
-97.7640|+74.3500|+50.1860
-99.2900|+74.3500|+49.4980
-103.938|+74.3060|+47.3530
-105.444|+74.3060|+46.6210
-110.030|+74.2620|+44.3460
-111.529|+74.2170|+43.5990
-116.765|+74.0310|+40.8570
-118.240|+73.9860|+40.0630
-122.632|+73.6490|+37.6170
-123.995|+73.5510|+36.8240
-128.907|+73.0620|+33.8940
-130.836|+72.8670|+32.7000
-134.824|+72.4750|+30.1450
-136.068|+72.2800|+29.3430
-139.761|+71.7900|+26.8720
-140.985|+71.5940|+26.0390
-145.030|+71.0600|+23.2020
-146.213|+70.9090|+22.3100
-149.486|+70.3740|+19.9180
-150.599|+70.2310|+19.0930
-153.729|+69.7940|+16.6730
-154.736|+69.7490|+15.8720
-158.188|+69.3110|+13.0570
-159.168|+69.2130|+12.2230
-162.007|+68.9190|+9.75500
-162.897|+68.8210|+8.96700
-166.057|+68.4280|+6.11300
-166.929|+68.3300|+5.30500
-169.449|+68.0350|+2.92400
-170.305|+67.9370|+2.09800
-173.069|+67.5440|-0.60400
-173.839|+67.4450|-1.37600
-176.060|+67.1500|-3.64100
-176.749|+67.0520|-4.35400
-177.435|+66.9540|-5.07100
-180.097|+66.4620|-7.87800
-180.768|+66.3640|-8.60800
-182.648|+65.9700|-10.6540
-183.234|+65.8190|-11.3280
-185.320|+65.3340|-13.5940
-185.831|+65.1830|-14.2020
-187.472|+64.6910|-16.0670
-187.923|+64.5920|-16.5960
-189.353|+64.1000|-18.2510
-189.798|+64.0010|-18.7860
-191.330|+63.5080|-20.6160
-191.730|+63.3640|-21.0600
-192.927|+62.9700|-22.5240
-193.299|+62.8710|-22.9900
-194.539|+62.4770|-24.5470
-194.906|+62.3780|-25.0180
-195.894|+62.1350|-26.2670
-196.257|+62.0360|-26.7420
-197.129|+61.8850|-27.9540
-197.430|+61.7860|-28.3500
-198.440|+61.6410|-29.7080
-198.714|+61.5880|-30.1240
-199.476|+61.3910|-31.1710
-199.725|+61.3450|-31.4820
-200.424|+61.1480|-32.4520
-200.580|+61.0950|-32.7070
-200.927|+60.9960|-33.1940
-201.672|+60.7990|-34.2530
-201.905|+60.7000|-34.5760
-202.236|+60.5490|-35.0740
-202.279|+60.4960|-35.1650
-202.347|+60.3970|-35.2390
-202.335|+60.3450|-35.2470
-202.402|+60.2460|-35.3220
-202.402|+60.2460|-35.3220
-202.426|+60.2000|-35.3060
-202.426|+60.2000|-35.3060
-202.451|+60.1540|-35.2900
-202.396|+60.1540|-35.2070
-202.396|+60.1540|-35.2070
-202.396|+60.1540|-35.2070
-202.396|+60.1540|-35.2070
-202.396|+60.1540|-35.2070
-202.347|+60.3970|-35.2390
-202.322|+60.4430|-35.2550
-202.310|+60.5420|-35.2640
-202.297|+60.6410|-35.2720
-202.297|+60.6410|-35.2720
-202.297|+60.6410|-35.2720
-202.284|+60.7400|-35.2800
-202.284|+60.7400|-35.2800
-202.284|+60.7400|-35.2800
-202.272|+60.8380|-35.2890
-202.272|+60.8380|-35.2890
-202.223|+60.9310|-35.3210
-202.199|+60.9770|-35.3360
-202.175|+61.0230|-35.3520
-202.162|+61.1210|-35.3610
-202.059|+61.2130|-35.3100
-202.035|+61.2590|-35.3260
-202.035|+61.2590|-35.3260
-202.010|+61.3050|-35.3420
-201.986|+61.3510|-35.3580
-201.931|+61.3510|-35.2750
-201.931|+61.3510|-35.2750
-201.931|+61.3510|-35.2750
-201.931|+61.3510|-35.2750
-201.931|+61.3510|-35.2750
-201.956|+61.3050|-35.2590
-201.956|+61.3050|-35.2590
-201.956|+61.3050|-35.2590
-201.956|+61.3050|-35.2590
-201.901|+61.3050|-35.1760
-201.901|+61.3050|-35.1760
-201.901|+61.3050|-35.1760
-201.901|+61.3050|-35.1760
-201.901|+61.3050|-35.1760
-201.846|+61.3050|-35.0920
-201.846|+61.3050|-35.0920
-201.846|+61.3050|-35.0920
-201.846|+61.3050|-35.0920
-201.846|+61.3050|-35.0920
-201.846|+61.3050|-35.0920
-201.791|+61.3050|-35.0100
-201.791|+61.3050|-35.0100
-201.791|+61.3050|-35.0100
-201.791|+61.3050|-35.0100
-201.791|+61.3050|-35.0100
-201.791|+61.3050|-35.0100
-201.791|+61.3050|-35.0100
-201.791|+61.3050|-35.0100
-201.736|+61.3050|-34.9270
-201.736|+61.3050|-34.9270
-201.736|+61.3050|-34.9270
-201.736|+61.3050|-34.9270
-201.736|+61.3050|-34.9270
-201.682|+61.3050|-34.8440
-201.627|+61.3050|-34.7610
-201.627|+61.3050|-34.7610
-201.517|+61.3050|-34.5950
-201.462|+61.3050|-34.5120
-201.352|+61.3050|-34.3460
-201.352|+61.3050|-34.3460
-201.162|+61.3510|-34.1140
-201.107|+61.3510|-34.0320
-200.828|+61.5030|-33.6190
-200.773|+61.5030|-33.5370
-200.538|+61.6010|-33.2160
-200.458|+61.6470|-33.1490
-200.178|+61.7980|-32.7390
-200.122|+61.7980|-32.6570
-199.806|+61.9430|-32.2710
-199.761|+61.9960|-32.1810
-199.468|+62.0940|-31.7790
-199.331|+62.1400|-31.6320
-198.991|+62.2910|-31.1420
-198.911|+62.3370|-31.0770
-198.558|+62.4360|-30.5960
-198.456|+62.4880|-30.4250
-198.078|+62.6330|-29.9610
-197.964|+62.6330|-29.7990
-197.608|+62.7310|-29.3200
-197.505|+62.7840|-29.1500
-197.170|+62.8760|-28.7780
-197.055|+62.8760|-28.6160
-196.697|+62.9740|-28.1390
-196.557|+63.0200|-27.9950
-196.245|+63.0660|-27.6080
-196.129|+63.0660|-27.4470
-195.757|+63.1110|-26.9810
-195.698|+63.1110|-26.9000
-195.442|+63.1570|-26.5960
-195.325|+63.1570|-26.4350
-194.974|+63.1570|-25.9540
-194.916|+63.1570|-25.8730
-194.622|+63.1570|-25.4730
-194.505|+63.1570|-25.3130
-194.210|+63.1570|-24.9130
-194.092|+63.1570|-24.7540
-193.761|+63.1110|-24.2580
-193.643|+63.1110|-24.0980
-193.346|+63.1110|-23.7010
-193.227|+63.1110|-23.5420
-192.858|+63.0590|-23.0730
-192.679|+63.0590|-22.8350
-192.403|+63.0130|-22.4220
-192.283|+63.0130|-22.2640
-191.824|+62.9670|-21.6140
-191.693|+62.9140|-21.4640
-191.330|+62.9140|-20.9920
-191.148|+62.9140|-20.7560
-190.662|+62.9140|-20.1280
-190.502|+62.8690|-19.8750
-190.074|+62.8690|-19.3270
-189.879|+62.8160|-19.1010
-189.387|+62.8160|-18.4770
-189.202|+62.8160|-18.2440
-188.645|+62.8160|-17.5440
-188.459|+62.8160|-17.3120
-187.774|+62.8160|-16.4610
-187.587|+62.8160|-16.2290
-186.897|+62.8160|-15.3830
-186.708|+62.8160|-15.1520
-185.823|+62.8160|-14.0800
-185.546|+62.8620|-13.7930
-184.781|+62.8620|-12.8800
-184.535|+62.9140|-12.5670
-183.678|+62.9600|-11.6020
-183.333|+63.0060|-11.2440
-182.293|+63.1570|-10.0430
-181.889|+63.2560|-9.60500
-175.515|+65.0720|-3.06500
-173.217|+65.8050|-0.87400
-172.731|+65.9560|-0.38000
-171.273|+66.3940|+0.96500
-170.690|+66.5910|+1.50200
-168.494|+67.2780|+3.50600
-167.832|+67.4740|+4.10300
-165.761|+68.0630|+5.94500
-164.996|+68.3040|+6.57600
-162.738|+68.9900|+8.50300
-161.985|+69.1860|+9.14300
-158.681|+70.0590|+11.8200
-157.811|+70.2470|+12.4750
-155.132|+70.9680|+14.5040
-154.176|+71.1550|+15.2050
-150.860|+71.9550|+17.5320
-149.877|+72.2400|+18.1940
-146.829|+72.8870|+20.2060
-145.749|+73.1170|+20.8970
-142.469|+73.8510|+22.9060
-141.290|+74.0270|+23.6200
-137.331|+74.8800|+25.8310
-136.119|+75.0990|+26.4860
-132.524|+75.7970|+28.3220
-131.299|+76.0150|+28.9450
-128.097|+76.6650|+30.4530
-126.762|+76.9240|+31.0720
-125.506|+77.1830|+31.6300
-120.143|+78.1710|+34.0040
-118.790|+78.4270|+34.5670
-116.715|+78.8110|+35.4170
-113.758|+79.2790|+36.6560
-112.393|+79.5330|+37.1740
-107.976|+80.2090|+38.9100
-106.440|+80.3660|+39.4960
-101.197|+81.0790|+41.4440
-99.6690|+81.2460|+42.0210
-94.9570|+81.7340|+43.6780
-93.4120|+81.8470|+44.1970
-87.8120|+82.2500|+46.1400
-86.1830|+82.3740|+46.6860
-81.2830|+82.6510|+48.2700
-79.7390|+82.6800|+48.7550
-75.6460|+82.8320|+50.0140
-74.0950|+82.9150|+50.4700
-68.5340|+82.9720|+52.1010
-66.9010|+82.9720|+52.6030
-62.1390|+83.0010|+53.9030
-60.4890|+82.9480|+54.3450
-55.7110|+82.8950|+55.5770
-54.1440|+82.8950|+55.9610
-50.8160|+82.8420|+56.7260
-49.2490|+82.8010|+57.1110
-43.5810|+82.6540|+58.2880
-41.9930|+82.6010|+58.5750
-37.1380|+82.3590|+59.4580
-35.4490|+82.3060|+59.7150
-29.9090|+82.0120|+60.5320
-28.3110|+81.9180|+60.7590
-23.5950|+81.7180|+61.2930
-22.0830|+81.6650|+61.4320
-16.5990|+81.3700|+61.9160
-14.9900|+81.2760|+62.0510
-11.1040|+81.0760|+62.2700
-9.58700|+80.9820|+62.3620
-4.27300|+80.6880|+62.5440
-2.75400|+80.5940|+62.5910
+1.61500|+80.3520|+62.6360
+3.04000|+80.2580|+62.6450
+7.50500|+79.9750|+62.6120
+8.93100|+79.8810|+62.5850
+14.0620|+79.5570|+62.4340
+15.5810|+79.4100|+62.3470
+20.1370|+79.1270|+62.0620
+21.5600|+79.0330|+61.9570
+26.8680|+78.6560|+61.4890
+28.2920|+78.5200|+61.3760
+32.7340|+78.1840|+60.8410
+34.1500|+78.0890|+60.6570
+39.2470|+77.6700|+59.9640
+40.6590|+77.5750|+59.7400
+44.8890|+77.1980|+59.0350
+46.3890|+77.1030|+58.7560
+51.3430|+76.6720|+57.7640
+52.7500|+76.5360|+57.4980
+56.9370|+76.1050|+56.5550
+58.4210|+76.0100|+56.1960
+63.3360|+75.4420|+54.9930
+64.8160|+75.2530|+54.6120
+68.4080|+74.8740|+53.6250
+70.5230|+74.5900|+53.0280
+74.0970|+74.1160|+51.9670
+75.5580|+73.9270|+51.5140
+80.6580|+73.1680|+49.8700
+82.1060|+72.9790|+49.3730
+86.4390|+72.3140|+47.8410
+87.7810|+72.0720|+47.3270
+91.9870|+71.4070|+45.7180
+93.4230|+71.1740|+45.1750
+98.2140|+70.3190|+43.2060
+99.6140|+70.0760|+42.5770
+105.152|+68.9870|+40.1410
+105.839|+68.8390|+39.7970
+110.537|+67.8440|+37.5870
+111.824|+67.5060|+36.9360
+115.683|+66.6470|+34.9710
+116.978|+66.3180|+34.3280
+121.310|+65.1720|+32.0090
+122.562|+64.8340|+31.2870
+126.171|+63.7830|+29.2440
+127.343|+63.4000|+28.5690
+131.419|+62.1130|+26.1640
+132.573|+61.7300|+25.4560
+135.840|+60.5290|+23.3870
+136.977|+60.1460|+22.6510
+140.716|+58.6630|+20.2290
+141.746|+58.2280|+19.5060
+146.206|+56.3080|+16.4100
+147.233|+55.8270|+15.6780
+150.057|+54.4810|+13.6190
+150.919|+54.0000|+12.9860
+153.625|+52.6530|+10.9260
+154.453|+52.2170|+10.2510
+157.367|+50.6310|+7.97600
+158.213|+50.2000|+7.31700
+159.357|+49.5760|+6.40800
+162.422|+47.8900|+3.84700
+163.213|+47.4530|+3.12500
+165.799|+46.0090|+0.89600
+166.519|+45.6230|+0.23900
+168.682|+44.4170|-1.73300
+169.397|+43.9340|-2.39800
+171.434|+42.7730|-4.36200
+172.084|+42.3400|-4.95600
+174.362|+40.9850|-7.23500
+174.963|+40.5470|-7.87600
+176.794|+39.3860|-9.77400
+177.399|+38.9980|-10.4120
+179.420|+37.5950|-12.5380
+180.012|+37.2070|-13.1880
+181.324|+36.2380|-14.6390
+181.845|+35.8510|-15.2220
+183.410|+34.7370|-16.9730
+183.921|+34.3490|-17.5650
+185.565|+33.0880|-19.5060
+186.005|+32.7000|-20.0310
+187.374|+31.5360|-21.6930
+187.805|+31.1480|-22.2250
+189.289|+29.8390|-24.0460
+189.633|+29.4980|-24.5230
+190.850|+28.3830|-26.0570
+191.186|+28.0420|-26.5380
+192.265|+27.0240|-27.9320
+192.615|+26.7320|-28.4040
+193.753|+25.5680|-29.8770
+194.040|+25.2760|-30.2740
+194.989|+24.4030|-31.5220
+195.291|+24.0630|-31.9080
+196.226|+23.1880|-33.1680
+196.488|+22.8970|-33.4630
+196.697|+22.0700|-33.5580
+196.676|+21.9240|-33.5720
+196.728|+21.2440|-33.6550
+196.726|+21.0490|-33.6560
+196.722|+20.5630|-33.6590
+196.720|+20.3690|-33.6600
+196.701|+19.9790|-33.5550
+196.720|+19.9300|-33.5420
+196.776|+19.5880|-33.5030
+196.720|+19.4910|-33.4230
+196.736|+19.2480|-33.4120
+196.736|+19.2480|-33.4120
+196.735|+19.1500|-33.4130
+196.735|+19.1500|-33.4130
+196.791|+19.1500|-33.4930
+196.791|+19.1500|-33.4930
+196.791|+19.1500|-33.4930
+196.810|+19.1010|-33.4800
+196.810|+19.1010|-33.4800
+196.810|+19.1010|-33.4800
+196.810|+19.1010|-33.4800
+196.810|+19.1010|-33.4800
+196.735|+19.1500|-33.4130
+196.735|+19.1500|-33.4130
+196.735|+19.1500|-33.4130
+196.756|+19.1980|-33.3980
+196.756|+19.1980|-33.3980
+196.776|+19.2470|-33.3840
+196.776|+19.2470|-33.3840
+196.778|+19.3440|-33.3830
+196.778|+19.3440|-33.3830
+196.798|+19.3920|-33.3690
+196.819|+19.4400|-33.3550
+196.840|+19.4890|-33.3410
+196.820|+19.5380|-33.3540
+196.862|+19.6340|-33.3260
+196.842|+19.6830|-33.3390
+196.843|+19.7810|-33.3380
+196.864|+19.8290|-33.3240
+196.864|+19.8290|-33.3240
+196.845|+19.8780|-33.3370
+196.865|+19.9260|-33.3230
+196.810|+19.9260|-33.2420
+196.810|+19.9260|-33.2420
+196.810|+19.9260|-33.2420
+196.810|+19.9260|-33.2420
+196.810|+19.9260|-33.2420
+196.810|+19.9260|-33.2420
+196.810|+19.9260|-33.2420
+196.810|+19.9260|-33.2420
+196.810|+19.9260|-33.2420
+196.810|+19.9260|-33.2420
+196.810|+19.9260|-33.2420
+196.789|+19.8780|-33.2560
+196.789|+19.8780|-33.2560
+196.808|+19.8290|-33.2430
+196.808|+19.8290|-33.2430
+196.808|+19.8290|-33.2430
+196.808|+19.8290|-33.2430
+196.808|+19.8290|-33.2430
+196.808|+19.8290|-33.2430
+196.808|+19.8290|-33.2430
+196.808|+19.8290|-33.2430
+196.808|+19.8290|-33.2430
+196.808|+19.8290|-33.2430
+196.808|+19.8290|-33.2430
+196.808|+19.8290|-33.2430
+196.808|+19.8290|-33.2430
+196.808|+19.8290|-33.2430
+196.808|+19.8290|-33.2430
+196.808|+19.8290|-33.2430
+196.808|+19.8290|-33.2430
+196.808|+19.8290|-33.2430
+196.808|+19.8290|-33.2430
+196.808|+19.8290|-33.2430
+196.808|+19.8290|-33.2430
+196.808|+19.8290|-33.2430
+196.808|+19.8290|-33.2430
+196.808|+19.8290|-33.2430
+196.808|+19.8290|-33.2430
+196.808|+19.8290|-33.2430
+196.808|+19.8290|-33.2430
+196.808|+19.8290|-33.2430
+196.808|+19.8290|-33.2430
+196.808|+19.8290|-33.2430
+196.808|+19.8290|-33.2430
+196.808|+19.8290|-33.2430
+196.808|+19.8290|-33.2430
+196.808|+19.8290|-33.2430
+196.808|+19.8290|-33.2430
+196.808|+19.8290|-33.2430
+196.808|+19.8290|-33.2430
+196.808|+19.8290|-33.2430
+196.808|+19.8290|-33.2430
+196.808|+19.8290|-33.2430
+196.808|+19.8290|-33.2430
+196.808|+19.8290|-33.2430
+196.808|+19.8290|-33.2430
+196.808|+19.8290|-33.2430
+196.808|+19.8290|-33.2430
+196.808|+19.8290|-33.2430
+196.808|+19.8290|-33.2430
+196.808|+19.8290|-33.2430
+196.808|+19.8290|-33.2430
+196.808|+19.8290|-33.2430
+196.808|+19.8290|-33.2430
+196.808|+19.8290|-33.2430
+196.808|+19.8290|-33.2430
+196.808|+19.8290|-33.2430
+196.808|+19.8290|-33.2430
+196.808|+19.8290|-33.2430
+196.808|+19.8290|-33.2430
+196.808|+19.8290|-33.2430
+196.808|+19.8290|-33.2430
