-10.8570|-103.341|-55.8650
-10.9030|-103.341|-55.8690
-10.9030|-103.341|-55.8690
-10.9030|-103.341|-55.8690
-10.9030|-103.341|-55.8690
-10.9030|-103.341|-55.8690
-10.9030|-103.341|-55.8690
-10.9030|-103.341|-55.8690
-10.9030|-103.341|-55.8690
-10.9030|-103.341|-55.8690
-10.9030|-103.341|-55.8690
-10.9030|-103.341|-55.8690
-10.9030|-103.341|-55.8690
-10.9030|-103.341|-55.8690
-10.9030|-103.341|-55.8690
-10.9030|-103.341|-55.8690
-10.9030|-103.341|-55.8690
-10.9030|-103.341|-55.8690
-10.9030|-103.341|-55.8690
-10.9030|-103.341|-55.8690
-10.9030|-103.341|-55.8690
-10.9030|-103.341|-55.8690
-10.9030|-103.341|-55.8690
-10.9030|-103.341|-55.8690
-10.9030|-103.341|-55.8690
-10.9030|-103.341|-55.8690
-10.9030|-103.341|-55.8690
-10.9030|-103.341|-55.8690
-10.9030|-103.341|-55.8690
-10.9030|-103.341|-55.8690
-10.9030|-103.341|-55.8690
-10.9030|-103.341|-55.8690
-10.9030|-103.341|-55.8690
-10.9030|-103.341|-55.8690
-10.9030|-103.341|-55.8690
-10.9030|-103.341|-55.8690
-10.9030|-103.341|-55.8690
-10.9030|-103.341|-55.8690
-10.9030|-103.341|-55.8690
-10.9030|-103.341|-55.8690
-10.9030|-103.341|-55.8690
-10.9030|-103.341|-55.8690
-10.9030|-103.341|-55.8690
-10.8570|-103.341|-55.8650
-10.8570|-103.341|-55.8650
-10.8570|-103.341|-55.8650
-10.8570|-103.341|-55.8650
-10.8570|-103.341|-55.8650
-10.8570|-103.341|-55.8650
-10.8570|-103.341|-55.8650
-10.8570|-103.341|-55.8650
-10.8570|-103.341|-55.8650
-10.8570|-103.341|-55.8650
-10.8570|-103.341|-55.8650
-10.8570|-103.341|-55.8650
-10.8570|-103.341|-55.8650
-10.8570|-103.341|-55.8650
-10.8570|-103.341|-55.8650
-10.8570|-103.341|-55.8650
-10.8570|-103.341|-55.8650
-10.8570|-103.341|-55.8650
-10.8570|-103.341|-55.8650
-10.8570|-103.341|-55.8650
-10.8570|-103.341|-55.8650
-10.8570|-103.341|-55.8650
-10.8570|-103.341|-55.8650
-10.8570|-103.341|-55.8650
-10.8570|-103.341|-55.8650
-10.8570|-103.341|-55.8650
-10.8570|-103.341|-55.8650
-10.8570|-103.341|-55.8650
-10.8570|-103.341|-55.8650
-10.8570|-103.341|-55.8650
-10.8570|-103.341|-55.8650
-10.8570|-103.341|-55.8650
-10.8570|-103.341|-55.8650
-10.8570|-103.341|-55.8650
-10.8570|-103.341|-55.8650
-10.8570|-103.341|-55.8650
-10.8570|-103.341|-55.8650
-10.8570|-103.341|-55.8650
-10.8570|-103.341|-55.8650
-10.8570|-103.341|-55.8650
-10.8570|-103.341|-55.8650
-10.8570|-103.341|-55.8650
-10.8570|-103.341|-55.8650
-10.8570|-103.341|-55.8650
-10.8570|-103.341|-55.8650
-10.8570|-103.341|-55.8650
-10.8570|-103.341|-55.8650
-10.8570|-103.341|-55.8650
-10.8570|-103.341|-55.8650
-10.8570|-103.341|-55.8650
-10.8570|-103.341|-55.8650
-10.8570|-103.341|-55.8650
-10.8570|-103.341|-55.8650
-10.8570|-103.341|-55.8650
-10.8570|-103.341|-55.8650
-10.8570|-103.341|-55.8650
-10.8570|-103.341|-55.8650
-10.8570|-103.341|-55.8650
-10.8570|-103.341|-55.8650
-10.8570|-103.341|-55.8650
-10.8570|-103.341|-55.8650
-10.8570|-103.341|-55.8650
-10.8570|-103.341|-55.8650
-10.8570|-103.341|-55.8650
-10.8570|-103.341|-55.8650
-10.8570|-103.341|-55.8650
-10.8570|-103.341|-55.8650
-10.8570|-103.341|-55.8650
-10.8570|-103.341|-55.8650
-10.8570|-103.341|-55.8650
-10.8570|-103.341|-55.8650
-10.8570|-103.341|-55.8650
-10.8570|-103.341|-55.8650
-10.8570|-103.341|-55.8650
-10.8570|-103.341|-55.8650
-10.8570|-103.341|-55.8650
-10.8570|-103.341|-55.8650
-10.8570|-103.341|-55.8650
-10.8570|-103.341|-55.8650
-10.8570|-103.341|-55.8650
-10.8570|-103.341|-55.8650
-10.8570|-103.341|-55.8650
-10.8570|-103.341|-55.8650
-10.8570|-103.341|-55.8650
-10.8570|-103.341|-55.8650
-10.8570|-103.341|-55.8650
-10.8570|-103.341|-55.8650
-10.8570|-103.341|-55.8650
-10.8570|-103.341|-55.8650
-10.8570|-103.341|-55.8650
-10.8570|-103.341|-55.8650
-10.8570|-103.341|-55.8650
-10.8570|-103.341|-55.8650
-10.8570|-103.341|-55.8650
-10.8570|-103.341|-55.8650
-10.8570|-103.341|-55.8650
-10.8570|-103.341|-55.8650
-10.8570|-103.341|-55.8650
-10.8570|-103.341|-55.8650
-10.8570|-103.341|-55.8650
-10.8570|-103.341|-55.8650
-10.8570|-103.341|-55.8650
-10.8570|-103.341|-55.8650
-10.8570|-103.341|-55.8650
-10.8570|-103.341|-55.8650
-10.8110|-103.341|-55.8600
-10.8110|-103.341|-55.8600
-10.8110|-103.341|-55.8600
-10.8110|-103.341|-55.8600
-10.8110|-103.341|-55.8600
-10.8110|-103.341|-55.8600
-10.8110|-103.341|-55.8600
-10.8110|-103.341|-55.8600
-10.8110|-103.341|-55.8600
-10.8110|-103.341|-55.8600
-10.8110|-103.341|-55.8600
-10.8110|-103.341|-55.8600
-10.8110|-103.341|-55.8600
-10.7640|-103.341|-55.8560
-10.7640|-103.341|-55.8560
-10.7640|-103.341|-55.8560
-10.7180|-103.341|-55.8510
-10.7180|-103.341|-55.8510
-10.7180|-103.341|-55.8510
-10.7180|-103.341|-55.8510
-10.7180|-103.341|-55.8510
-10.7180|-103.341|-55.8510
-10.7180|-103.341|-55.8510
-10.7180|-103.341|-55.8510
-10.7180|-103.341|-55.8510
-10.7180|-103.341|-55.8510
-10.7180|-103.341|-55.8510
-10.7180|-103.341|-55.8510
-10.7180|-103.341|-55.8510
-10.7180|-103.341|-55.8510
-10.7180|-103.341|-55.8510
-10.7180|-103.341|-55.8510
-10.7180|-103.341|-55.8510
-10.7180|-103.341|-55.8510
-10.7180|-103.341|-55.8510
-10.7180|-103.341|-55.8510
-10.7180|-103.341|-55.8510
-10.7130|-103.333|-55.9050
-10.7130|-103.333|-55.9050
-10.7130|-103.333|-55.9050
-10.7130|-103.333|-55.9050
-10.7130|-103.333|-55.9050
-10.7130|-103.333|-55.9050
-10.7130|-103.333|-55.9050
-10.7130|-103.333|-55.9050
-10.7590|-103.333|-55.9090
-10.7590|-103.333|-55.9090
-10.7590|-103.333|-55.9090
-10.7590|-103.333|-55.9090
-10.7590|-103.333|-55.9090
-10.7590|-103.333|-55.9090
-10.7590|-103.333|-55.9090
-10.8060|-103.333|-55.9140
-10.8520|-103.333|-55.9180
-10.8520|-103.333|-55.9180
-10.8980|-103.333|-55.9230
-10.9440|-103.333|-55.9270
-10.9440|-103.333|-55.9270
-10.9900|-103.333|-55.9320
-11.0370|-103.333|-55.9360
-11.0370|-103.333|-55.9360
-11.0830|-103.333|-55.9410
-11.0830|-103.333|-55.9410
-11.1290|-103.333|-55.9450
-11.1290|-103.333|-55.9450
-11.1290|-103.333|-55.9450
-11.1750|-103.333|-55.9500
-11.1750|-103.333|-55.9500
-11.1750|-103.333|-55.9500
-11.2220|-103.333|-55.9550
-11.2220|-103.333|-55.9550
-11.2730|-103.341|-55.9060
-11.3190|-103.341|-55.9100
-11.3190|-103.341|-55.9100
-11.3660|-103.341|-55.9150
-11.4580|-103.341|-55.9240
-11.4580|-103.341|-55.9240
-11.5040|-103.341|-55.9290
-11.5040|-103.341|-55.9290
-11.5510|-103.341|-55.9340
-11.5970|-103.341|-55.9390
-11.6430|-103.341|-55.9430
-11.6890|-103.341|-55.9480
-11.8740|-103.341|-55.9680
-11.9660|-103.341|-55.9770
-12.0590|-103.341|-55.9870
-12.1050|-103.341|-55.9920
-12.4280|-103.341|-56.0280
-12.5210|-103.341|-56.0380
-12.6590|-103.341|-56.0530
-12.7060|-103.341|-56.0590
-12.9830|-103.341|-56.0900
-13.0290|-103.341|-56.0960
-13.2590|-103.341|-56.1230
-13.3520|-103.341|-56.1340
-13.5890|-103.349|-56.1080
-13.6810|-103.349|-56.1190
-13.9580|-103.349|-56.1530
-14.0110|-103.358|-56.1060
-14.1950|-103.358|-56.1290
-14.2880|-103.358|-56.1410
-14.5710|-103.366|-56.1230
-14.6180|-103.366|-56.1290
-15.0400|-103.374|-56.1310
-15.1390|-103.382|-56.0900
-15.4240|-103.390|-56.0740
-15.5160|-103.390|-56.0870
-15.7470|-103.390|-56.1190
-15.8390|-103.390|-56.1320
-16.0700|-103.390|-56.1650
-16.1160|-103.390|-56.1710
-16.3460|-103.390|-56.2050
-16.3930|-103.390|-56.2120
-16.4850|-103.390|-56.2250
-16.5770|-103.390|-56.2390
-16.8150|-103.398|-56.2200
-16.9080|-103.398|-56.2340
-17.0920|-103.398|-56.2620
-17.1460|-103.406|-56.2160
-17.3310|-103.406|-56.2440
-17.3770|-103.406|-56.2510
-17.6070|-103.406|-56.2870
-17.6530|-103.406|-56.2940
-17.7540|-103.414|-56.2560
-17.8000|-103.414|-56.2630
-17.8920|-103.414|-56.2780
-17.9010|-103.422|-56.2250
-18.0010|-103.376|-56.1880
-18.0470|-103.376|-56.1960
-18.1940|-103.384|-56.1650
-18.2400|-103.384|-56.1730
-18.3780|-103.384|-56.1950
-18.4250|-103.384|-56.2030
-18.5170|-103.384|-56.2180
-18.5170|-103.384|-56.2180
-18.5720|-103.392|-56.1730
-18.5800|-103.400|-56.1200
-18.6990|-103.424|-55.9760
-18.6990|-103.424|-55.9760
-18.7910|-103.369|-55.9930
-18.8380|-103.369|-56.0010
-18.8840|-103.369|-56.0090
-19.1330|-103.385|-55.9420
-19.1790|-103.385|-55.9500
-19.2710|-103.385|-55.9660
-19.3180|-103.385|-55.9730
-19.6130|-103.401|-55.9160
-19.6680|-103.354|-55.8730
-19.7700|-103.362|-55.8360
-19.8160|-103.362|-55.8440
-20.1690|-103.385|-55.7430
-20.2150|-103.385|-55.7510
-20.4090|-103.338|-55.7340
-20.5120|-103.346|-55.6980
-20.7990|-103.354|-55.6960
-20.8550|-103.361|-55.6510
-21.0870|-103.361|-55.6940
-21.1800|-103.361|-55.7120
-21.3290|-103.369|-55.6850
-21.3740|-103.314|-55.6960
-21.5070|-103.345|-55.5020
-21.5640|-103.352|-55.4580
-21.5640|-103.352|-55.4580
-21.7700|-103.367|-55.3880
-22.0690|-103.327|-55.3390
-22.1720|-103.335|-55.3040
-22.6110|-103.349|-55.2810
-22.7040|-103.349|-55.3000
-23.1440|-103.310|-55.2810
-23.2010|-103.317|-55.2380
-23.4660|-103.338|-55.1280
-23.5700|-103.346|-55.0940
-23.8360|-103.313|-54.9870
-23.9520|-103.327|-54.9010
-24.2430|-103.334|-54.9080
-24.3470|-103.341|-54.8750
-24.7080|-103.307|-54.7900
-24.8480|-103.307|-54.8210
-25.0920|-103.260|-54.8220
-25.1860|-103.260|-54.8420
-25.4890|-103.274|-54.8000
-25.5940|-103.281|-54.7680
-25.8520|-103.294|-54.7160
-25.9100|-103.301|-54.6740
-26.2510|-103.280|-54.4780
-26.3910|-103.280|-54.5100
-26.6840|-103.233|-54.5250
-26.7770|-103.233|-54.5470
-27.2140|-103.265|-54.3740
-27.2610|-103.265|-54.3850
-27.5550|-103.272|-54.4000
-27.7080|-103.279|-54.3820
-28.0610|-103.237|-54.3600
-28.2150|-103.244|-54.3420
-28.5220|-103.256|-54.3070
-28.6160|-103.202|-54.3330
-28.9370|-103.221|-54.2470
-29.0440|-103.227|-54.2190
-29.4590|-103.246|-54.1580
-29.5530|-103.246|-54.1820
-29.8620|-103.259|-54.1510
-29.9700|-103.265|-54.1230
-30.3120|-103.217|-54.1600
-30.3590|-103.217|-54.1730
-30.5600|-103.223|-54.1710
-30.6540|-103.223|-54.1960
-30.8560|-103.229|-54.1940
-30.8560|-103.229|-54.1940
-31.1330|-103.247|-54.1020
-31.1800|-103.247|-54.1150
-31.4900|-103.205|-54.0900
-31.5370|-103.205|-54.1030
-31.7720|-103.205|-54.1680
-31.8190|-103.205|-54.1810
-32.0530|-103.205|-54.2470
-32.0530|-103.205|-54.2470
-32.1000|-103.205|-54.2600
-32.1150|-103.211|-54.2080
-32.2710|-103.217|-54.1960
-32.2710|-103.217|-54.1960
-32.3640|-103.217|-54.2220
-32.4110|-103.217|-54.2360
-32.7080|-103.222|-54.2640
-32.7550|-103.222|-54.2770
-33.0360|-103.222|-54.3590
-33.0830|-103.222|-54.3720
-33.2380|-103.174|-54.3640
-33.2380|-103.174|-54.3640
-33.3000|-103.180|-54.3250
-33.3620|-103.186|-54.2870
-33.4240|-103.192|-54.2490
-33.4710|-103.192|-54.2630
-33.5650|-103.192|-54.2900
-33.6120|-103.192|-54.3040
-33.7050|-103.192|-54.3320
-33.7520|-103.192|-54.3460
-33.9550|-103.197|-54.3500
-34.0020|-103.197|-54.3640
-34.1890|-103.197|-54.4200
-34.2830|-103.197|-54.4480
-34.3770|-103.197|-54.4760
-34.4240|-103.197|-54.4900
-34.5490|-103.209|-54.4150
-34.5640|-103.215|-54.3640
-34.6570|-103.160|-54.3940
-34.7040|-103.160|-54.4090
-34.8600|-103.166|-54.4000
-34.9070|-103.166|-54.4140
-35.0010|-103.166|-54.4430
-35.0480|-103.166|-54.4570
-35.2350|-103.166|-54.5150
-35.2820|-103.166|-54.5300
-35.3750|-103.166|-54.5590
-35.4220|-103.166|-54.5730
-35.4850|-103.172|-54.5360
-35.5320|-103.172|-54.5510
-35.6260|-103.172|-54.5800
-35.6260|-103.172|-54.5800
-35.7660|-103.172|-54.6240
-35.8130|-103.172|-54.6390
-35.9060|-103.172|-54.6680
-35.9530|-103.172|-54.6830
-36.0930|-103.172|-54.7280
-36.0930|-103.172|-54.7280
-36.1860|-103.172|-54.7570
-36.2330|-103.172|-54.7720
-36.2800|-103.172|-54.7870
-36.2800|-103.172|-54.7870
-36.2800|-103.172|-54.7870
-36.2800|-103.172|-54.7870
-36.2800|-103.172|-54.7870
-36.2800|-103.172|-54.7870
-36.2800|-103.172|-54.7870
-36.2800|-103.172|-54.7870
-36.2800|-103.172|-54.7870
-36.3270|-103.172|-54.8020
-36.3270|-103.172|-54.8020
-36.3270|-103.172|-54.8020
-36.3730|-103.172|-54.8170
-36.3730|-103.172|-54.8170
-36.3730|-103.172|-54.8170
-36.3730|-103.172|-54.8170
-36.3730|-103.172|-54.8170
-36.3730|-103.172|-54.8170
-36.3730|-103.172|-54.8170
-36.3730|-103.172|-54.8170
-36.3730|-103.172|-54.8170
-36.3730|-103.172|-54.8170
-36.3730|-103.172|-54.8170
-36.3730|-103.172|-54.8170
-36.3730|-103.172|-54.8170
-36.3730|-103.172|-54.8170
-36.3730|-103.172|-54.8170
-36.3730|-103.172|-54.8170
-36.3730|-103.172|-54.8170
-36.3730|-103.172|-54.8170
-36.3730|-103.172|-54.8170
-36.3730|-103.172|-54.8170
-36.3730|-103.172|-54.8170
-36.3730|-103.172|-54.8170
-36.3730|-103.172|-54.8170
-36.3270|-103.172|-54.8020
-36.3270|-103.172|-54.8020
-36.3270|-103.172|-54.8020
-36.3270|-103.172|-54.8020
-36.3270|-103.172|-54.8020
-36.3270|-103.172|-54.8020
-36.3270|-103.172|-54.8020
-36.3270|-103.172|-54.8020
-36.3270|-103.172|-54.8020
-36.3270|-103.172|-54.8020
-36.3270|-103.172|-54.8020
-36.3270|-103.172|-54.8020
-36.3270|-103.172|-54.8020
-36.3270|-103.172|-54.8020
-36.3270|-103.172|-54.8020
-36.3270|-103.172|-54.8020
-36.3270|-103.172|-54.8020
-36.3270|-103.172|-54.8020
-36.3270|-103.172|-54.8020
-36.3270|-103.172|-54.8020
-36.3270|-103.172|-54.8020
-36.3270|-103.172|-54.8020
-36.2800|-103.172|-54.7870
-36.2800|-103.172|-54.7870
-36.2800|-103.172|-54.7870
-36.2800|-103.172|-54.7870
-36.2960|-103.178|-54.7360
-36.3130|-103.183|-54.6840
-36.3950|-103.211|-54.4270
-36.4280|-103.222|-54.3240
-36.5890|-103.152|-53.9830
-36.6050|-103.157|-53.9320
-36.6870|-103.129|-53.6760
-36.6870|-103.129|-53.6760
-36.7210|-103.100|-53.4060
-36.7870|-103.121|-53.2000
-36.8690|-103.146|-52.9420
-36.8860|-103.150|-52.8910
-36.9830|-103.071|-52.5860
-37.0160|-103.080|-52.4830
-37.1160|-103.067|-52.0060
-37.1480|-103.076|-51.9030
-37.1810|-103.085|-51.8000
-37.1970|-103.035|-51.7510
-37.2630|-103.053|-51.5440
-37.2960|-103.061|-51.4410
-37.3110|-103.011|-51.3920
-37.2800|-103.015|-51.3250
-37.2170|-103.036|-51.0210
-37.1690|-103.036|-51.0060
-36.9270|-102.982|-50.9320
-36.9110|-102.990|-50.8140
-36.8950|-102.998|-50.6950
-36.8790|-103.006|-50.5760
-36.8470|-103.022|-50.3390
-36.8630|-103.026|-50.2870
-36.8300|-102.975|-50.2230
-36.7970|-102.979|-50.1560
-36.9260|-102.955|-49.7450
-36.8610|-102.951|-49.7810
-36.8280|-102.955|-49.7150
-36.8600|-102.962|-49.6110
-36.8250|-102.932|-49.2060
-36.7920|-102.936|-49.1390
-36.8070|-102.949|-48.9160
-36.7740|-102.953|-48.8490
-36.7870|-102.911|-48.6290
-36.7540|-102.915|-48.5620
-36.7350|-102.930|-48.2730
-36.7510|-102.933|-48.2210
-36.7310|-102.949|-47.9310
-36.7630|-102.954|-47.8280
-36.6290|-102.903|-47.7330
-36.6290|-102.903|-47.7330
-36.6400|-102.923|-47.3390
-36.6710|-102.928|-47.2360
-36.6700|-102.874|-47.2380
-36.6860|-102.877|-47.1860
-36.7650|-102.890|-46.9270
-36.7310|-102.892|-46.8600
-36.7310|-102.892|-46.8600
-36.7310|-102.892|-46.8600
-36.7590|-102.905|-46.5850
-36.7900|-102.910|-46.4810
-36.7900|-102.855|-46.4830
-36.8050|-102.858|-46.4310
-36.8050|-102.858|-46.4310
-36.8680|-102.867|-46.2240
-36.8840|-102.869|-46.1720
-36.8840|-102.869|-46.1720
-36.8340|-102.869|-46.1560
-36.8340|-102.869|-46.1560
-36.8330|-102.815|-46.1590
-36.7980|-102.817|-46.0920
-36.8140|-102.819|-46.0400
-36.7950|-102.824|-45.9210
-36.7950|-102.824|-45.9210
-36.8100|-102.826|-45.8690
-36.8760|-102.828|-45.8320
-36.8760|-102.828|-45.8320
-36.8760|-102.828|-45.8320
-36.8420|-102.830|-45.7650
-36.8420|-102.830|-45.7650
-36.8420|-102.830|-45.7650
-36.8420|-102.830|-45.7650
-36.8420|-102.830|-45.7650
-36.8420|-102.830|-45.7650
-36.8730|-102.834|-45.6610
-36.9040|-102.838|-45.5570
-36.9350|-102.842|-45.4530
-36.9350|-102.842|-45.4530
-36.9670|-102.846|-45.3490
-36.9820|-102.848|-45.2970
-37.0450|-102.856|-45.0890
-37.0450|-102.856|-45.0890
-36.9940|-102.856|-45.0740
-36.9940|-102.856|-45.0740
-36.9940|-102.856|-45.0740
-36.9430|-102.856|-45.0580
-36.9430|-102.856|-45.0580
-36.9430|-102.856|-45.0580
-36.9430|-102.856|-45.0580
-36.9590|-102.857|-45.0060
-37.0570|-102.863|-44.8660
-37.1030|-102.868|-44.7090
-37.2000|-102.818|-44.5710
-37.2160|-102.820|-44.5190
-37.3130|-102.770|-44.3820
-37.3130|-102.770|-44.3820
-37.3600|-102.775|-44.2250
-37.4070|-102.779|-44.0690
-37.4030|-102.783|-43.8980
-37.4030|-102.783|-43.8980
-37.5430|-102.794|-43.4300
-37.5430|-102.794|-43.4300
-37.5590|-102.795|-43.3780
-37.5590|-102.795|-43.3780
-37.7000|-102.804|-42.9090
-37.7150|-102.750|-42.8600
-37.6990|-102.749|-42.9120
-37.7300|-102.751|-42.8080
-37.7720|-102.756|-42.4800
-37.8190|-102.758|-42.3240
-37.8350|-102.758|-42.2720
-37.8350|-102.758|-42.2720
-37.9750|-102.763|-41.8040
-38.0070|-102.764|-41.7000
-38.0210|-102.710|-41.6510
-38.0370|-102.710|-41.5990
-38.1460|-102.712|-41.2340
-38.1460|-102.712|-41.2340
-38.1720|-102.713|-40.9580
-38.1720|-102.713|-40.9580
-38.1720|-102.713|-40.9580
-38.1880|-102.713|-40.9060
-38.2290|-102.712|-40.5780
-38.2750|-102.712|-40.4220
-38.3060|-102.712|-40.3180
-38.3220|-102.712|-40.2660
-38.4470|-102.709|-39.8490
-38.4620|-102.709|-39.7970
-38.4930|-102.708|-39.6930
-38.5250|-102.707|-39.5890
-38.6020|-102.704|-39.3290
-38.6180|-102.703|-39.2770
-38.6580|-102.699|-38.9490
-38.7050|-102.697|-38.7920
-38.7360|-102.695|-38.6880
-38.7360|-102.695|-38.6880
-38.8380|-102.685|-38.1520
-38.8690|-102.683|-38.0480
-38.9380|-102.682|-38.0120
-38.9540|-102.680|-37.9600
-39.0780|-102.670|-37.5430
-39.0780|-102.670|-37.5430
-39.0550|-102.667|-37.4230
-39.0860|-102.664|-37.3190
-39.1100|-102.657|-37.0430
-39.2340|-102.644|-36.6260
-39.2500|-102.642|-36.5740
-39.3120|-102.635|-36.3660
-39.3430|-102.631|-36.2620
-39.3500|-102.623|-36.0370
-39.2960|-102.623|-36.0210
-39.3650|-102.606|-35.5890
-39.3650|-102.606|-35.5890
-39.3330|-102.595|-35.2960
-39.3630|-102.591|-35.1920
-39.4010|-102.576|-34.8630
-39.3770|-102.571|-34.7430
-39.3610|-102.574|-34.7950
-39.3770|-102.571|-34.7430
-39.3750|-102.608|-34.3430
-39.4050|-102.602|-34.2390
-39.3100|-102.600|-34.1550
-39.3410|-102.594|-34.0500
-39.2760|-102.586|-33.8620
-39.2610|-102.588|-33.9140
-39.1100|-102.586|-33.8140
-39.1550|-102.577|-33.6570
-39.2070|-102.611|-33.2740
-39.1510|-102.611|-33.2570
-39.1510|-102.611|-33.2570
-39.1110|-102.607|-33.1890
-39.2310|-102.582|-32.7720
-39.2460|-102.579|-32.7200
-39.1200|-102.582|-32.7400
-39.1350|-102.579|-32.6880
-39.1280|-102.555|-32.2910
-39.0870|-102.552|-32.2230
-39.0770|-102.596|-32.0480
-39.0920|-102.592|-31.9960
-39.0510|-102.589|-31.9270
-39.0090|-102.585|-31.8590
-39.0470|-102.603|-31.3030
-39.0470|-102.603|-31.3030
-38.9340|-102.603|-31.2710
-38.9490|-102.599|-31.2190
-38.9240|-102.575|-30.8740
-38.9240|-102.575|-30.8740
-38.8560|-102.618|-30.6830
-38.8290|-102.610|-30.5620
-38.8160|-102.597|-30.3900
-38.7740|-102.593|-30.3220
-38.8050|-102.568|-29.9930
-38.8050|-102.568|-29.9930
-38.7060|-102.564|-29.9090
-38.7220|-102.614|-29.8540
-38.7090|-102.583|-29.4570
-38.6520|-102.583|-29.4410
-38.5670|-102.574|-29.3050
-38.5810|-102.569|-29.2530
-38.5100|-102.555|-29.0650
-38.4530|-102.555|-29.0490
-38.3820|-102.596|-28.8580
-38.3540|-102.586|-28.7380
-38.2530|-102.582|-28.6540
-38.1960|-102.582|-28.6380
-38.1520|-102.557|-28.3460
-38.1230|-102.548|-28.2260
-38.0080|-102.548|-28.1940
-37.9500|-102.548|-28.1790
-37.9060|-102.543|-28.1110
-37.9060|-102.543|-28.1110
-37.7900|-102.577|-27.8530
-37.8190|-102.621|-27.7450
-37.7590|-102.601|-27.5050
-37.7020|-102.601|-27.4900
-37.6140|-102.591|-27.3540
-37.5700|-102.586|-27.2870
-37.4810|-102.575|-27.1510
-37.4370|-102.570|-27.0830
-37.3770|-102.603|-26.8410
-37.3770|-102.603|-26.8410
-37.2880|-102.592|-26.7060
-37.2430|-102.587|-26.6380
-37.1540|-102.576|-26.5030
-37.0960|-102.576|-26.4880
-36.9790|-102.576|-26.4570
-36.9210|-102.576|-26.4420
-36.8180|-102.570|-26.3590
-36.7590|-102.570|-26.3440
-36.7010|-102.570|-26.3290
-36.7010|-102.570|-26.3290
-36.7150|-102.565|-26.2770
-36.7150|-102.565|-26.2770
-36.7280|-102.559|-26.2240
-36.7280|-102.559|-26.2240
-36.7420|-102.554|-26.1720
-36.7420|-102.554|-26.1720
-36.6830|-102.554|-26.1570
-36.6840|-102.608|-26.1540
-36.5670|-102.608|-26.1240
-36.5080|-102.608|-26.1090
-36.4500|-102.608|-26.0940
-36.4500|-102.608|-26.0940
-36.4500|-102.608|-26.0940
-36.4500|-102.608|-26.0940
-36.4500|-102.608|-26.0940
-36.4500|-102.608|-26.0940
-36.4500|-102.608|-26.0940
-36.4500|-102.608|-26.0940
-36.4500|-102.608|-26.0940
-36.4500|-102.608|-26.0940
-36.4500|-102.608|-26.0940
-36.4500|-102.608|-26.0940
-36.4500|-102.608|-26.0940
-36.4500|-102.608|-26.0940
-36.4500|-102.608|-26.0940
-36.4500|-102.608|-26.0940
-36.4500|-102.608|-26.0940
-36.4500|-102.608|-26.0940
-36.4500|-102.608|-26.0940
-36.4500|-102.608|-26.0940
-36.4500|-102.608|-26.0940
-36.4500|-102.608|-26.0940
-36.4500|-102.608|-26.0940
-36.4500|-102.608|-26.0940
-36.4500|-102.608|-26.0940
-36.4500|-102.608|-26.0940
-36.4500|-102.608|-26.0940
-36.4500|-102.608|-26.0940
-36.4500|-102.608|-26.0940
-36.4500|-102.608|-26.0940
-36.4500|-102.608|-26.0940
-36.4500|-102.608|-26.0940
-36.4500|-102.608|-26.0940
-36.4500|-102.608|-26.0940
-36.4500|-102.608|-26.0940
-36.4500|-102.608|-26.0940
-36.4500|-102.608|-26.0940
-36.4500|-102.608|-26.0940
-36.4500|-102.608|-26.0940
-36.4500|-102.608|-26.0940
-36.4500|-102.608|-26.0940
-36.4500|-102.608|-26.0940
-36.4500|-102.608|-26.0940
-36.4500|-102.608|-26.0940
-36.4500|-102.608|-26.0940
-36.4500|-102.608|-26.0940
-36.4500|-102.608|-26.0940
-36.4500|-102.608|-26.0940
-36.4500|-102.608|-26.0940
-36.3910|-102.608|-26.0790
-36.3330|-102.608|-26.0640
-36.2610|-102.613|-26.1020
-36.0850|-102.613|-26.0570
-36.0270|-102.613|-26.0420
-35.7530|-102.630|-26.1400
-35.6230|-102.635|-26.1640
-35.3180|-102.641|-26.1430
-35.2590|-102.641|-26.1290
-34.9990|-102.652|-26.1760
-34.9410|-102.652|-26.1610
-34.6360|-102.657|-26.1420
-34.5650|-102.662|-26.1810
-34.2600|-102.668|-26.1630
-34.1880|-102.673|-26.2010
-33.8380|-102.673|-26.1170
-33.7210|-102.673|-26.0890
-33.3570|-102.678|-26.0590
-33.2400|-102.678|-26.0320
-32.9470|-102.678|-25.9640
-32.8890|-102.678|-25.9500
-32.6430|-102.684|-25.9490
-32.5840|-102.684|-25.9360
-32.2790|-102.689|-25.9220
-32.2210|-102.689|-25.9080
-31.8100|-102.689|-25.8160
-31.7520|-102.689|-25.8030
-31.5760|-102.689|-25.7640
-31.4590|-102.689|-25.7380
-31.2240|-102.689|-25.6870
-31.1650|-102.689|-25.6740
-30.8720|-102.689|-25.6100
-30.8130|-102.689|-25.5970
-30.5790|-102.689|-25.5470
-30.5200|-102.689|-25.5340
-30.4020|-102.689|-25.5090
-30.3440|-102.689|-25.4970
-30.1670|-102.689|-25.4600
-30.0500|-102.689|-25.4350
-29.8730|-102.689|-25.3980
-29.8150|-102.689|-25.3860
-29.5800|-102.689|-25.3370
-29.5210|-102.689|-25.3250
-29.4030|-102.689|-25.3000
-29.3440|-102.689|-25.2880
-29.2270|-102.689|-25.2640
-29.1680|-102.689|-25.2520
-29.0390|-102.694|-25.2810
-28.9800|-102.694|-25.2690
-28.8630|-102.694|-25.2450
-28.8630|-102.694|-25.2450
-28.7340|-102.699|-25.2750
-28.7340|-102.699|-25.2750
-28.6170|-102.699|-25.2510
-28.5470|-102.705|-25.2930
-28.3710|-102.705|-25.2570
-28.3600|-102.710|-25.3100
-28.1840|-102.710|-25.2760
-28.1250|-102.710|-25.2640
-27.9970|-102.715|-25.2940
-27.9970|-102.715|-25.2940
-27.8590|-102.725|-25.3770
-27.8000|-102.725|-25.3660
-27.6030|-102.735|-25.4380
-27.4850|-102.735|-25.4150
-27.3090|-102.735|-25.3810
-27.2400|-102.740|-25.4230
-27.0640|-102.740|-25.3900
-27.0640|-102.740|-25.3900
-27.0050|-102.740|-25.3790
-27.0050|-102.740|-25.3790
-26.9360|-102.745|-25.4210
-26.8770|-102.745|-25.4100
-26.7600|-102.745|-25.3880
-26.7500|-102.750|-25.4410
-26.6220|-102.701|-25.4750
-26.5630|-102.701|-25.4640
-26.3870|-102.701|-25.4310
-26.3280|-102.701|-25.4200
-26.2690|-102.701|-25.4100
-26.2690|-102.701|-25.4100
-26.2110|-102.701|-25.3990
-26.2110|-102.701|-25.3990
-26.1420|-102.706|-25.4410
-26.1420|-102.706|-25.4410
-25.9560|-102.711|-25.4620
-25.8970|-102.711|-25.4520
-25.6620|-102.711|-25.4090
-25.6030|-102.711|-25.3990
-25.3680|-102.711|-25.3570
-25.3000|-102.716|-25.4000
-25.1240|-102.716|-25.3690
-25.0560|-102.721|-25.4120
-24.9970|-102.721|-25.4010
-24.9380|-102.721|-25.3910
-24.8700|-102.725|-25.4340
-24.8110|-102.725|-25.4240
-24.5670|-102.730|-25.4370
-24.4490|-102.730|-25.4160
-24.2050|-102.735|-25.4300
-24.0880|-102.735|-25.4100
-23.8440|-102.740|-25.4240
-23.7760|-102.745|-25.4680
-23.5320|-102.749|-25.4820
-23.4650|-102.754|-25.5260
-23.3470|-102.754|-25.5070
-23.2880|-102.754|-25.4970
-22.8680|-102.759|-25.4840
-22.8100|-102.759|-25.4750
-22.5750|-102.759|-25.4370
-22.4490|-102.763|-25.4720
-22.0800|-102.773|-25.5240
-22.0210|-102.773|-25.5150
-21.6600|-102.777|-25.5150
-21.5430|-102.777|-25.4970
-21.2330|-102.786|-25.5600
-21.1160|-102.786|-25.5430
-20.7560|-102.791|-25.5450
-20.6970|-102.791|-25.5360
-20.2700|-102.800|-25.5840
-20.1450|-102.805|-25.6210
-19.7200|-102.813|-25.6710
-19.6020|-102.813|-25.6550
-19.1840|-102.763|-25.6560
-19.0590|-102.768|-25.6940
-18.6930|-102.777|-25.7540
-18.5100|-102.781|-25.7850
-17.9110|-102.789|-25.8180
-17.7930|-102.789|-25.8030
-17.6110|-102.794|-25.8350
-17.4870|-102.798|-25.8740
-17.1810|-102.806|-25.9460
-17.1230|-102.806|-25.9390
-16.8230|-102.811|-25.9580
-16.7060|-102.811|-25.9440
-16.4010|-102.819|-26.0180
-16.2780|-102.823|-26.0580
-15.9850|-102.823|-26.0250
-15.8620|-102.827|-26.0660
-15.5050|-102.831|-26.0810
-15.3820|-102.835|-26.1220
-15.0720|-102.793|-26.2550
-14.9500|-102.797|-26.2970
-14.5350|-102.801|-26.3080
-14.4190|-102.801|-26.2970
-13.9990|-102.808|-26.3630
-13.8770|-102.812|-26.4060
-13.4630|-102.816|-26.4210
-13.3410|-102.820|-26.4640
-13.1030|-102.824|-26.4960
-12.9860|-102.824|-26.4850
-12.6220|-102.835|-26.6150
-12.5050|-102.835|-26.6050
-12.1460|-102.842|-26.6830
-12.0300|-102.842|-26.6730
-11.9130|-102.842|-26.6630
-11.6180|-102.846|-26.6930
-11.5010|-102.846|-26.6830
-11.2640|-102.850|-26.7190
-11.1470|-102.850|-26.7090
-10.7940|-102.853|-26.7360
-10.6730|-102.857|-26.7820
-10.3780|-102.860|-26.8140
-10.2000|-102.864|-26.8550
-9.84700|-102.868|-26.8850
-9.73000|-102.868|-26.8770
-9.31600|-102.875|-26.9570
-9.19600|-102.878|-27.0040
-8.84400|-102.881|-27.0360
-8.72800|-102.881|-27.0290
-8.37600|-102.885|-27.0620
-8.26000|-102.885|-27.0550
-8.02100|-102.892|-27.1500
-7.90500|-102.892|-27.1430
-7.67000|-102.895|-27.1840
-7.26300|-102.895|-27.1630
-7.20500|-102.895|-27.1600
-7.08900|-102.895|-27.1540
-7.03100|-102.895|-27.1510
-6.85700|-102.895|-27.1430
-6.79900|-102.895|-27.1400
-6.62500|-102.895|-27.1320
-6.56700|-102.895|-27.1290
-6.15800|-102.898|-27.1650
-6.04200|-102.898|-27.1600
-5.98400|-102.898|-27.1570
-5.75100|-102.898|-27.1480
-5.69300|-102.898|-27.1450
-5.63300|-102.902|-27.1970
-5.63300|-102.902|-27.1970
-5.51500|-102.905|-27.2470
-5.51500|-102.905|-27.2470
-5.34100|-102.905|-27.2400
-5.34100|-102.905|-27.2400
-5.22300|-102.908|-27.2900
-5.16500|-102.908|-27.2880
-5.04900|-102.908|-27.2840
-4.99100|-102.908|-27.2810
-4.93300|-102.908|-27.2790
-4.93300|-102.908|-27.2790
-4.87300|-102.911|-27.3320
-4.87300|-102.911|-27.3320
-4.75700|-102.911|-27.3280
-4.69900|-102.911|-27.3260
-4.58300|-102.911|-27.3220
-4.52500|-102.911|-27.3200
-4.35100|-102.911|-27.3150
-4.29300|-102.911|-27.3130
-4.00100|-102.915|-27.3580
-3.94300|-102.915|-27.3570
-3.76900|-102.915|-27.3520
-3.71200|-102.915|-27.3510
-3.59600|-102.915|-27.3480
-3.53800|-102.915|-27.3460
-3.48000|-102.915|-27.3450
-3.48000|-102.915|-27.3450
-3.36400|-102.915|-27.3420
-3.30600|-102.915|-27.3400
-3.13000|-102.918|-27.3910
-3.01500|-102.918|-27.3880
-2.72500|-102.918|-27.3820
-2.66600|-102.921|-27.4350
-2.37500|-102.924|-27.4840
-2.31700|-102.924|-27.4840
-2.02800|-102.924|-27.4790
-1.97000|-102.924|-27.4780
-1.67900|-102.930|-27.5830
-1.56200|-102.933|-27.6360
-1.04100|-102.937|-27.6850
-0.92500|-102.940|-27.7390
+0.17300|-102.954|-28.0070
+0.28900|-102.954|-28.0070
+0.57700|-102.957|-28.0620
+0.63500|-102.957|-28.0630
+1.03800|-102.963|-28.1740
+1.15300|-102.963|-28.1750
+1.38300|-102.963|-28.1770
+1.49800|-102.966|-28.2320
+1.72800|-102.969|-28.2890
+1.78500|-102.969|-28.2900
+2.01600|-102.969|-28.2930
+2.13100|-102.969|-28.2950
+2.41900|-102.969|-28.2990
+2.53400|-102.969|-28.3010
+2.82100|-102.972|-28.3610
+2.93600|-102.972|-28.3630
+3.22400|-102.972|-28.3700
+3.33800|-102.974|-28.4270
+3.68200|-102.977|-28.4900
+3.73900|-102.977|-28.4910
+4.02700|-102.977|-28.4990
+4.14200|-102.977|-28.5020
+4.37200|-102.977|-28.5090
+4.48700|-102.977|-28.5130
+4.77200|-102.980|-28.5770
+4.82800|-102.983|-28.6330
+5.23000|-102.983|-28.6480
+5.28700|-102.983|-28.6500
+5.51500|-102.985|-28.7130
+5.57200|-102.985|-28.7150
+5.80200|-102.985|-28.7240
+5.86000|-102.985|-28.7270
+6.08900|-102.985|-28.7370
+6.14700|-102.985|-28.7390
+6.31900|-102.985|-28.7470
+6.37600|-102.985|-28.7490
+6.54800|-102.985|-28.7570
+6.66300|-102.985|-28.7630
+6.89300|-102.985|-28.7740
+6.95000|-102.985|-28.7770
+7.23400|-102.988|-28.8460
+7.29200|-102.988|-28.8490
+7.52100|-102.988|-28.8610
+7.63600|-102.988|-28.8670
+7.86500|-102.988|-28.8800
+8.03700|-102.988|-28.8900
+8.09500|-102.988|-28.8930
+8.32400|-102.988|-28.9060
+8.38100|-102.988|-28.9100
+8.61100|-102.988|-28.9240
+8.66500|-102.991|-28.9820
+8.89400|-102.991|-28.9960
+9.00800|-102.991|-29.0030
+9.18000|-102.991|-29.0150
+9.23800|-102.991|-29.0180
+9.35200|-102.991|-29.0260
+9.41000|-102.991|-29.0300
+9.58100|-102.991|-29.0420
+9.63900|-102.991|-29.0460
+9.69200|-102.993|-29.1040
+9.92100|-102.993|-29.1200
+9.97800|-102.993|-29.1240
+10.1500|-102.993|-29.1360
+10.2070|-102.993|-29.1400
+10.5510|-102.993|-29.1660
+10.6650|-102.993|-29.1750
+10.8330|-102.996|-29.2420
+10.8900|-102.996|-29.2470
+11.1190|-102.996|-29.2650
+11.2330|-102.996|-29.2740
+11.5760|-102.996|-29.3020
+11.5760|-102.996|-29.3020
+11.8050|-102.996|-29.3210
+11.8620|-102.996|-29.3260
+12.0340|-102.996|-29.3410
+12.0910|-102.996|-29.3460
+12.3190|-102.996|-29.3660
+12.3770|-102.996|-29.3710
+12.5480|-102.996|-29.3860
+12.6050|-102.996|-29.3920
+12.8910|-102.996|-29.4180
+12.9480|-102.996|-29.4230
+13.1760|-102.996|-29.4450
+13.2340|-102.996|-29.4500
+13.4050|-102.996|-29.4660
+13.4620|-102.996|-29.4720
+13.6330|-102.996|-29.4890
+13.6900|-102.996|-29.4940
+13.9190|-102.996|-29.5170
+13.9760|-102.996|-29.5230
+14.0900|-102.996|-29.5340
+14.1470|-102.996|-29.5400
+14.2610|-102.996|-29.5520
+14.3180|-102.996|-29.5580
+14.4320|-102.996|-29.5690
+14.4320|-102.996|-29.5690
+14.4320|-102.996|-29.5690
+14.4320|-102.996|-29.5690
+14.4320|-102.996|-29.5690
+14.4320|-102.996|-29.5690
+14.4320|-102.996|-29.5690
+14.4320|-102.996|-29.5690
+14.3750|-102.996|-29.5640
+14.3750|-102.996|-29.5640
+14.3750|-102.996|-29.5640
+14.3180|-102.996|-29.5580
+14.3180|-102.996|-29.5580
+14.3180|-102.996|-29.5580
+14.3180|-102.996|-29.5580
+14.3180|-102.996|-29.5580
+14.3180|-102.996|-29.5580
+14.3180|-102.996|-29.5580
+14.3180|-102.996|-29.5580
+14.3180|-102.996|-29.5580
+14.3180|-102.996|-29.5580
+14.3180|-102.996|-29.5580
+14.3180|-102.996|-29.5580
+14.3180|-102.996|-29.5580
+14.3180|-102.996|-29.5580
+14.3180|-102.996|-29.5580
+14.3180|-102.996|-29.5580
+14.3180|-102.996|-29.5580
+14.2610|-102.996|-29.5520
+14.2610|-102.996|-29.5520
+14.2040|-102.996|-29.5460
+14.2040|-102.996|-29.5460
+14.1470|-102.996|-29.5400
+14.1470|-102.996|-29.5400
+14.0900|-102.996|-29.5340
+14.0900|-102.996|-29.5340
+14.0900|-102.996|-29.5340
+14.0900|-102.996|-29.5340
+14.0900|-102.996|-29.5340
+14.0900|-102.996|-29.5340
+14.0850|-102.998|-29.5880
+14.0850|-102.998|-29.5880
+14.0850|-102.998|-29.5880
+14.0850|-102.998|-29.5880
+14.0270|-102.998|-29.5820
+14.0270|-102.998|-29.5820
+14.0270|-102.998|-29.5820
+14.0270|-102.998|-29.5820
+14.0270|-102.998|-29.5820
+14.0270|-102.998|-29.5820
+14.0270|-102.998|-29.5820
+14.0270|-102.998|-29.5820
+14.0220|-103.001|-29.6360
+14.0220|-103.001|-29.6360
+14.0220|-103.001|-29.6360
+14.0220|-103.001|-29.6360
+14.0220|-103.001|-29.6360
+14.0220|-103.001|-29.6360
+14.0220|-103.001|-29.6360
+14.0220|-103.001|-29.6360
+14.0220|-103.001|-29.6360
+14.0220|-103.001|-29.6360
+14.0220|-103.001|-29.6360
+14.0220|-103.001|-29.6360
+14.0220|-103.001|-29.6360
+14.0220|-103.001|-29.6360
+14.0220|-103.001|-29.6360
+14.0220|-103.001|-29.6360
+14.0220|-103.001|-29.6360
+14.0220|-103.001|-29.6360
+14.0170|-103.003|-29.6900
+14.0170|-103.003|-29.6900
+14.0170|-103.003|-29.6900
+14.0170|-103.003|-29.6900
+14.0110|-103.006|-29.7440
+14.0110|-103.006|-29.7440
+14.0000|-103.011|-29.8530
+13.9950|-103.013|-29.9070
+14.0350|-103.021|-30.0740
+14.0350|-103.021|-30.0740
+14.0300|-103.023|-30.1280
+14.0240|-103.025|-30.1820
+13.9970|-103.037|-30.4520
+14.0020|-103.034|-30.3980
+13.9970|-103.037|-30.4520
+13.9910|-103.039|-30.5060
+13.9580|-103.052|-30.8310
+13.9580|-103.052|-30.8310
+13.9580|-103.052|-30.8310
+13.9530|-103.054|-30.8850
+13.9200|-103.065|-31.2090
+13.9090|-103.069|-31.3170
+13.9040|-103.071|-31.3710
+13.9030|-103.017|-31.3740
+13.8760|-103.026|-31.6440
+13.8650|-103.029|-31.7520
+13.8430|-103.036|-31.9680
+13.8480|-103.034|-31.9140
+13.8370|-103.037|-32.0220
+13.8270|-103.040|-32.1300
+13.7880|-102.996|-32.5110
+13.7880|-102.996|-32.5110
+13.7660|-103.001|-32.7270
+13.7600|-103.003|-32.7810
+13.7380|-103.008|-32.9980
+13.7330|-103.009|-33.0520
+13.7110|-103.013|-33.2680
+13.6950|-103.016|-33.4300
+13.6230|-103.019|-33.5870
+13.6230|-103.019|-33.5870
+13.5950|-102.969|-33.8600
+13.5840|-102.971|-33.9680
+13.5620|-102.974|-34.1840
+13.5620|-102.974|-34.1840
+13.5350|-102.977|-34.4540
+13.5300|-102.977|-34.5080
+13.5080|-102.979|-34.7250
+13.5020|-102.926|-34.7810
+13.4310|-102.927|-34.9380
+13.4250|-102.927|-34.9920
+13.3870|-102.929|-35.3710
+13.3870|-102.929|-35.3710
+13.3220|-102.929|-35.4730
+13.3110|-102.930|-35.5810
+13.2890|-102.930|-35.7980
+13.2890|-102.930|-35.7980
+13.2290|-102.930|-35.8460
+13.2240|-102.930|-35.9000
+13.1860|-102.929|-36.2790
+13.1860|-102.929|-36.2790
+13.1260|-102.929|-36.3280
+13.1260|-102.929|-36.3280
+13.1160|-102.929|-36.4360
+13.1050|-102.928|-36.5440
+13.0780|-102.926|-36.8140
+13.0830|-102.927|-36.7600
+13.0730|-102.926|-36.8680
+13.0670|-102.926|-36.9220
+13.0460|-102.924|-37.1390
+13.0460|-102.924|-37.1390
+12.9860|-102.923|-37.1870
+12.9810|-102.922|-37.2410
+13.0130|-102.920|-37.4630
+13.0080|-102.919|-37.5170
+12.9920|-102.917|-37.6790
+12.9920|-102.917|-37.6790
+12.9760|-102.915|-37.8410
+12.9760|-102.915|-37.8410
+12.9700|-102.914|-37.8960
+12.9650|-102.913|-37.9500
+12.9920|-102.909|-38.2250
+12.9920|-102.909|-38.2250
+12.9920|-102.909|-38.2250
+12.9810|-102.907|-38.3330
+12.9750|-102.906|-38.3870
+13.0130|-102.902|-38.5550
+13.0070|-102.847|-38.6120
+13.0390|-102.842|-38.8330
+13.0280|-102.840|-38.9420
+13.0540|-102.833|-39.2170
+13.0480|-102.832|-39.2710
+13.0680|-102.823|-39.6010
+13.0520|-102.818|-39.7630
+13.0830|-102.812|-39.9840
+13.0830|-102.812|-39.9840
+13.1080|-102.857|-40.2570
+13.1030|-102.856|-40.3110
+13.0580|-102.840|-40.7430
+13.0470|-102.836|-40.8510
+13.0890|-102.832|-40.9650
+13.0890|-102.832|-40.9650
+13.0500|-102.817|-41.3430
+13.0390|-102.813|-41.4510
+13.0220|-102.806|-41.6130
+13.0740|-102.806|-41.6180
+13.0630|-102.801|-41.7260
+13.0520|-102.796|-41.8340
+13.0590|-102.776|-42.2720
+13.0530|-102.773|-42.3260
+13.0880|-102.765|-42.4930
+13.0770|-102.760|-42.6010
+13.0490|-102.746|-42.8710
+13.0950|-102.797|-42.9270
+13.0670|-102.783|-43.1970
+13.0620|-102.780|-43.2510
+13.0790|-102.761|-43.5800
+13.0730|-102.758|-43.6340
+13.1020|-102.799|-43.8520
+13.1020|-102.799|-43.8520
+13.0740|-102.783|-44.1220
+13.1190|-102.780|-44.1810
+13.0970|-102.766|-44.3970
+13.0910|-102.762|-44.4510
+13.0800|-102.810|-44.5560
+13.0680|-102.803|-44.6640
+13.0910|-102.784|-44.9390
+13.0850|-102.781|-44.9930
+13.0680|-102.769|-45.1540
+13.0680|-102.769|-45.1540
+13.1070|-102.816|-45.2650
+13.1010|-102.812|-45.3190
+13.0790|-102.797|-45.5340
+13.0670|-102.789|-45.6420
+13.1000|-102.777|-45.8090
+13.0940|-102.773|-45.8630
+13.1160|-102.806|-46.1350
+13.1100|-102.802|-46.1890
+13.0990|-102.794|-46.2970
+13.0930|-102.789|-46.3500
+13.1200|-102.772|-46.5710
+13.1140|-102.768|-46.6250
+13.0970|-102.755|-46.7870
+13.0970|-102.755|-46.7870
+13.0410|-102.750|-46.8350
+13.0300|-102.741|-46.9430
+13.0070|-102.777|-47.1550
+13.0510|-102.773|-47.2150
+13.0450|-102.768|-47.2680
+13.0450|-102.768|-47.2680
+13.0220|-102.749|-47.4840
+13.0160|-102.745|-47.5380
+12.9550|-102.789|-47.6370
+12.9490|-102.785|-47.6910
+12.9380|-102.775|-47.7990
+12.9320|-102.770|-47.8520
+12.9090|-102.750|-48.0680
+12.9090|-102.750|-48.0680
+12.8980|-102.795|-48.1730
+12.8920|-102.790|-48.2260
+12.8860|-102.785|-48.2800
+12.8570|-102.759|-48.5490
+12.8570|-102.813|-48.5460
+12.8520|-102.808|-48.6000
+12.8460|-102.803|-48.6540
+12.8340|-102.792|-48.7610
+12.8110|-102.771|-48.9770
+12.8110|-102.771|-48.9770
+12.8120|-102.826|-48.9740
+12.8060|-102.820|-49.0280
+12.7650|-102.782|-49.4040
+12.7600|-102.776|-49.4580
+12.7540|-102.771|-49.5110
+12.7480|-102.765|-49.5650
+12.7370|-102.808|-49.6700
+12.7310|-102.803|-49.7240
+12.6960|-102.768|-50.0460
+12.6910|-102.817|-50.0970
+12.6790|-102.805|-50.2050
+12.6740|-102.799|-50.2580
+12.6620|-102.842|-50.3630
+12.6510|-102.830|-50.4710
+12.6220|-102.800|-50.7390
+12.6220|-102.854|-50.7370
+12.6050|-102.836|-50.8980
+12.5990|-102.830|-50.9510
+12.5710|-102.799|-51.2200
+12.5710|-102.853|-51.2170
+12.5110|-102.841|-51.3190
+12.5000|-102.828|-51.4270
+12.4710|-102.850|-51.6920
+12.4660|-102.844|-51.7460
+12.4540|-102.831|-51.8530
+12.4490|-102.878|-51.9040
+12.4140|-102.839|-52.2260
+12.4140|-102.839|-52.2260
+12.4030|-102.880|-52.3310
+12.3970|-102.873|-52.3840
+12.3740|-102.846|-52.5990
+12.3690|-102.839|-52.6530
+12.3040|-102.872|-52.8060
+12.2980|-102.865|-52.8590
+12.2760|-102.837|-53.0740
+12.2700|-102.830|-53.1270
+12.2170|-102.878|-53.1730
+12.2110|-102.871|-53.2270
+12.1780|-102.882|-53.5460
+12.1780|-102.882|-53.5460
+12.1610|-102.860|-53.7070
+12.1550|-102.907|-53.7580
+12.0910|-102.885|-53.9130
+12.0850|-102.878|-53.9670
+12.0800|-102.870|-54.0200
+12.0270|-102.863|-54.0690
+12.0160|-102.902|-54.1740
+12.0050|-102.887|-54.2810
+11.9580|-102.887|-54.2760
+11.9520|-102.880|-54.3290
+11.9410|-102.919|-54.4340
+11.9300|-102.903|-54.5410
+11.9130|-102.880|-54.7010
+11.9130|-102.880|-54.7010
+11.9020|-102.919|-54.8060
+11.8970|-102.911|-54.8600
+11.8800|-102.942|-55.0180
+11.8800|-102.942|-55.0180
+11.8340|-102.942|-55.0130
+11.8340|-102.942|-55.0130
+11.7810|-102.935|-55.0610
+11.7350|-102.935|-55.0570
+11.7240|-102.919|-55.1640
+11.7240|-102.919|-55.1640
+11.7180|-102.911|-55.2170
+11.7180|-102.911|-55.2170
+11.7180|-102.911|-55.2170
+11.7130|-102.957|-55.2680
+11.7070|-102.949|-55.3220
+11.7020|-102.941|-55.3750
+11.6960|-102.933|-55.4290
+11.6960|-102.933|-55.4290
+11.6960|-102.933|-55.4290
+11.6910|-102.925|-55.4820
+11.6910|-102.925|-55.4820
+11.6850|-102.917|-55.5350
+11.6850|-102.971|-55.5330
+11.6850|-102.971|-55.5330
+11.6800|-102.963|-55.5870
+11.6800|-102.963|-55.5870
+11.6800|-102.963|-55.5870
+11.6800|-102.963|-55.5870
+11.6800|-102.963|-55.5870
+11.6740|-102.955|-55.6400
+11.6740|-102.955|-55.6400
+11.6690|-102.947|-55.6940
+11.6630|-102.939|-55.7470
+11.6630|-102.939|-55.7470
+11.6520|-102.923|-55.8540
+11.6520|-102.923|-55.8540
+11.6520|-102.977|-55.8520
+11.6520|-102.977|-55.8520
+11.6410|-102.961|-55.9580
+11.6360|-102.952|-56.0120
+11.6250|-102.936|-56.1190
+11.6190|-102.982|-56.1700
+11.6080|-102.965|-56.2770
+11.6080|-102.965|-56.2770
+11.5620|-102.965|-56.2720
+11.5570|-102.957|-56.3250
+11.5520|-103.003|-56.3770
+11.5460|-102.994|-56.4300
+11.5350|-102.977|-56.5370
+11.5350|-102.977|-56.5370
+11.5240|-102.960|-56.6440
+11.5190|-102.952|-56.6970
+11.5130|-102.997|-56.7480
+11.5080|-102.989|-56.8010
+11.5020|-102.980|-56.8550
+11.4560|-102.980|-56.8500
+11.4510|-102.972|-56.9030
+11.4450|-102.963|-56.9570
+11.3890|-103.000|-57.0570
+11.3890|-103.000|-57.0570
+11.3380|-102.991|-57.1050
+11.3380|-102.991|-57.1050
+11.2870|-102.982|-57.1540
+11.2870|-103.037|-57.1520
+11.2410|-103.037|-57.1470
+11.2410|-103.037|-57.1470
+11.1950|-103.037|-57.1430
+11.1950|-103.037|-57.1430
+11.1500|-103.037|-57.1380
+11.1500|-103.037|-57.1380
+11.1500|-103.037|-57.1380
+11.1500|-103.037|-57.1380
+11.1500|-103.037|-57.1380
+11.1500|-103.037|-57.1380
+11.1500|-103.037|-57.1380
+11.1500|-103.037|-57.1380
+11.1500|-103.037|-57.1380
+11.1500|-103.037|-57.1380
+11.1500|-103.037|-57.1380
+11.1500|-103.037|-57.1380
+11.1500|-103.037|-57.1380
+11.1500|-103.037|-57.1380
+11.1040|-103.037|-57.1340
+11.1040|-103.037|-57.1340
+11.1040|-103.037|-57.1340
+11.1040|-103.037|-57.1340
+11.1040|-103.037|-57.1340
+11.1040|-103.037|-57.1340
+11.0580|-103.037|-57.1290
+11.0580|-103.037|-57.1290
+10.9670|-103.037|-57.1200
+10.9670|-103.037|-57.1200
+10.8750|-103.037|-57.1110
+10.8290|-103.037|-57.1070
+10.7380|-103.037|-57.0980
+10.6920|-103.037|-57.0930
+10.6010|-103.037|-57.0840
+10.5550|-103.037|-57.0800
+10.4630|-103.037|-57.0710
+10.4630|-103.037|-57.0710
+10.3720|-103.037|-57.0630
+10.3260|-103.037|-57.0590
+10.2350|-103.037|-57.0500
+10.1890|-103.037|-57.0460
+10.0970|-103.037|-57.0380
+10.0520|-103.037|-57.0340
+9.90900|-103.028|-57.0750
+9.86400|-103.028|-57.0710
+9.76700|-103.019|-57.1160
+9.72200|-103.019|-57.1120
+9.58000|-103.010|-57.1530
+9.53400|-103.010|-57.1490
+9.39200|-103.002|-57.1910
+9.34700|-103.002|-57.1870
+9.21000|-103.002|-57.1760
+9.16400|-103.002|-57.1720
+9.02300|-103.047|-57.2120
+8.97700|-103.047|-57.2090
+8.84000|-103.047|-57.1980
+8.79000|-103.038|-57.2470
+8.65300|-103.038|-57.2370
+8.60700|-103.038|-57.2330
+8.42000|-103.029|-57.2730
+8.32900|-103.029|-57.2660
+8.14600|-103.084|-57.2500
+8.14600|-103.084|-57.2500
+8.00900|-103.084|-57.2400
+8.00500|-103.075|-57.2930
+7.96000|-103.075|-57.2900
+7.96000|-103.075|-57.2900
+7.91000|-103.066|-57.3400
+7.91000|-103.066|-57.3400
+7.81500|-103.057|-57.3870
+7.77000|-103.057|-57.3840
+7.62900|-103.048|-57.4280
+7.58300|-103.048|-57.4250
+7.44700|-103.048|-57.4160
+7.40100|-103.048|-57.4130
+7.26400|-103.048|-57.4040
+7.21500|-103.039|-57.4540
+7.12400|-103.039|-57.4480
+7.07500|-103.030|-57.4990
+6.98400|-103.084|-57.4910
+6.93800|-103.084|-57.4880
+6.84400|-103.075|-57.5360
+6.79800|-103.075|-57.5330
+6.66100|-103.075|-57.5250
+6.66100|-103.075|-57.5250
+6.52200|-103.066|-57.5700
+6.47600|-103.066|-57.5670
+6.33900|-103.066|-57.5600
+6.29400|-103.066|-57.5570
+6.15700|-103.066|-57.5490
+6.11200|-103.066|-57.5470
+6.06300|-103.057|-57.5980
+6.01700|-103.057|-57.5950
+5.88100|-103.111|-57.5860
+5.74400|-103.111|-57.5790
+5.69900|-103.111|-57.5760
+5.51400|-103.102|-57.6210
+5.46800|-103.102|-57.6180
+5.28600|-103.102|-57.6100
+5.24100|-103.102|-57.6070
+5.05900|-103.102|-57.5990
+5.01300|-103.102|-57.5970
+4.92200|-103.102|-57.5930
+4.92200|-103.102|-57.5930
+4.92200|-103.102|-57.5930
+4.92200|-103.102|-57.5930
+4.83100|-103.102|-57.5890
+4.78500|-103.102|-57.5870
+4.69400|-103.102|-57.5830
+4.60300|-103.102|-57.5790
+4.46600|-103.102|-57.5730
+4.42100|-103.102|-57.5720
+4.28400|-103.102|-57.5660
+4.23900|-103.102|-57.5650
+4.10200|-103.102|-57.5590
+3.92000|-103.102|-57.5530
+3.92000|-103.102|-57.5530
+3.82900|-103.102|-57.5500
+3.82900|-103.102|-57.5500
+3.78300|-103.102|-57.5480
+3.78300|-103.102|-57.5480
+3.78300|-103.102|-57.5480
+3.78100|-103.093|-57.6020
+3.78100|-103.093|-57.6020
+3.78100|-103.093|-57.6020
+3.78100|-103.093|-57.6020
+3.78100|-103.093|-57.6020
+3.78100|-103.093|-57.6020
+3.78100|-103.093|-57.6020
+3.78100|-103.093|-57.6020
+3.78100|-103.093|-57.6020
+3.73400|-103.084|-57.6540
+3.73400|-103.084|-57.6540
+3.68800|-103.084|-57.6520
+3.68800|-103.084|-57.6520
+3.59700|-103.084|-57.6490
+3.59700|-103.084|-57.6490
+3.50600|-103.084|-57.6460
+3.46100|-103.084|-57.6450
+3.37000|-103.084|-57.6420
+3.32400|-103.084|-57.6400
+3.27900|-103.084|-57.6390
+3.23300|-103.084|-57.6380
+3.14200|-103.084|-57.6350
+3.14200|-103.084|-57.6350
+3.09700|-103.084|-57.6340
+3.05100|-103.084|-57.6330
+2.96000|-103.084|-57.6300
+2.96000|-103.084|-57.6300
+2.86800|-103.075|-57.6810
+2.86800|-103.075|-57.6810
+2.77700|-103.129|-57.6770
+2.77700|-103.129|-57.6770
+2.63900|-103.120|-57.7270
+2.63900|-103.120|-57.7270
+2.54800|-103.120|-57.7250
+2.41100|-103.120|-57.7220
+2.36600|-103.120|-57.7210
+2.32000|-103.120|-57.7200
+2.32000|-103.120|-57.7200
+2.27500|-103.120|-57.7190
+2.27500|-103.120|-57.7190
+2.32000|-103.120|-57.7200
+2.32000|-103.120|-57.7200
+2.32000|-103.120|-57.7200
+2.32000|-103.120|-57.7200
+2.32000|-103.120|-57.7200
+2.32000|-103.120|-57.7200
+2.32000|-103.120|-57.7200
+2.32000|-103.120|-57.7200
+2.32000|-103.120|-57.7200
+2.32000|-103.120|-57.7200
+2.32000|-103.120|-57.7200
+2.32000|-103.120|-57.7200
+2.32000|-103.120|-57.7200
+2.32000|-103.120|-57.7200
+2.32000|-103.120|-57.7200
+2.32000|-103.120|-57.7200
+2.32000|-103.120|-57.7200
+2.32000|-103.120|-57.7200
+2.32000|-103.120|-57.7200
+2.32000|-103.120|-57.7200
+2.32000|-103.120|-57.7200
+2.32000|-103.120|-57.7200
+2.32000|-103.120|-57.7200
+2.32000|-103.120|-57.7200
+2.32000|-103.120|-57.7200
+2.32000|-103.120|-57.7200
+2.32000|-103.120|-57.7200
+2.32000|-103.120|-57.7200
+2.32000|-103.120|-57.7200
+2.27500|-103.120|-57.7190
+2.27500|-103.120|-57.7190
+2.27500|-103.120|-57.7190
+2.27500|-103.120|-57.7190
+2.18400|-103.120|-57.7170
+2.13800|-103.120|-57.7160
+2.00200|-103.120|-57.7140
+1.95600|-103.120|-57.7130
+1.82000|-103.120|-57.7110
+1.77400|-103.120|-57.7100
+1.63800|-103.120|-57.7080
+1.59200|-103.120|-57.7070
+1.54700|-103.120|-57.7060
+1.50100|-103.120|-57.7060
+1.31900|-103.120|-57.7040
+1.27400|-103.120|-57.7030
+1.18300|-103.120|-57.7020
+1.13800|-103.120|-57.7020
+1.04700|-103.120|-57.7010
+1.00100|-103.120|-57.7000
+0.91000|-103.120|-57.6990
+0.86500|-103.120|-57.6990
+0.68300|-103.120|-57.6980
+0.63700|-103.120|-57.6980
+0.50100|-103.120|-57.6970
+0.45500|-103.120|-57.6970
+0.36400|-103.120|-57.6960
+0.31900|-103.120|-57.6960
+0.09100|-103.120|-57.6960
+0.00000|-103.120|-57.6960
-0.22800|-103.120|-57.6960
-0.27300|-103.120|-57.6960
-0.36400|-103.120|-57.6960
-0.45500|-103.120|-57.6970
-0.63700|-103.120|-57.6980
-0.68300|-103.120|-57.6980
-0.86500|-103.120|-57.6990
-0.95600|-103.120|-57.7000
-1.27400|-103.120|-57.7030
-1.36500|-103.120|-57.7040
-1.68300|-103.120|-57.7080
-1.72900|-103.120|-57.7090
-1.82000|-103.120|-57.7110
-1.91100|-103.120|-57.7120
-2.13900|-103.129|-57.6630
-2.23000|-103.129|-57.6650
-2.41300|-103.129|-57.6680
-2.50400|-103.129|-57.6700
-2.64000|-103.129|-57.6740
-2.73100|-103.129|-57.6760
-2.95900|-103.129|-57.6820
-3.05000|-103.129|-57.6840
-3.32400|-103.193|-57.6360
-3.41500|-103.193|-57.6390
-3.64300|-103.193|-57.6460
-3.64300|-103.193|-57.6460
-3.68900|-103.193|-57.6480
-3.73400|-103.193|-57.6500
-3.82500|-103.193|-57.6530
-3.87100|-103.193|-57.6540
-4.00700|-103.193|-57.6590
-4.09800|-103.193|-57.6620
-4.18900|-103.193|-57.6660
-4.55300|-103.193|-57.6800
-4.59900|-103.193|-57.6820
-4.78100|-103.193|-57.6900
-4.82600|-103.193|-57.6920
-4.91700|-103.193|-57.6960
-4.96300|-103.193|-57.6980
-5.05400|-103.193|-57.7020
-5.05400|-103.193|-57.7020
-5.14500|-103.193|-57.7060
-5.19000|-103.193|-57.7080
-5.32700|-103.193|-57.7150
-5.37200|-103.193|-57.7170
-5.50900|-103.193|-57.7240
-5.55400|-103.193|-57.7260
-5.60000|-103.193|-57.7280
-5.69100|-103.193|-57.7330
-5.69100|-103.193|-57.7330
-5.73600|-103.193|-57.7350
-5.73600|-103.193|-57.7350
-5.78200|-103.193|-57.7380
-5.78200|-103.193|-57.7380
-5.87300|-103.193|-57.7420
-5.87300|-103.193|-57.7420
-5.91800|-103.193|-57.7450
-5.91800|-103.193|-57.7450
-5.96400|-103.193|-57.7470
-5.96400|-103.193|-57.7470
-5.96400|-103.193|-57.7470
-5.96400|-103.193|-57.7470
-5.96400|-103.193|-57.7470
-5.96400|-103.193|-57.7470
-5.96400|-103.193|-57.7470
-5.96400|-103.193|-57.7470
-5.96400|-103.193|-57.7470
-5.96400|-103.193|-57.7470
-5.96400|-103.193|-57.7470
-5.96400|-103.193|-57.7470
-5.96400|-103.193|-57.7470
-5.96400|-103.193|-57.7470
-5.96400|-103.193|-57.7470
-5.96400|-103.193|-57.7470
-5.96400|-103.193|-57.7470
-5.96400|-103.193|-57.7470
-5.96400|-103.193|-57.7470
-5.96400|-103.193|-57.7470
-5.96400|-103.193|-57.7470
-5.96400|-103.193|-57.7470
-5.96400|-103.193|-57.7470
-5.96400|-103.193|-57.7470
-5.96400|-103.193|-57.7470
-5.96400|-103.193|-57.7470
-5.96400|-103.193|-57.7470
-5.96400|-103.193|-57.7470
-5.96400|-103.193|-57.7470
-5.96400|-103.193|-57.7470
-5.96400|-103.193|-57.7470
-5.96400|-103.193|-57.7470
-6.00900|-103.193|-57.7500
-6.00900|-103.193|-57.7500
-6.00900|-103.193|-57.7500
-6.00900|-103.193|-57.7500
-6.00900|-103.193|-57.7500
-6.00900|-103.193|-57.7500
-6.00900|-103.193|-57.7500
-6.00900|-103.193|-57.7500
-6.05500|-103.193|-57.7520
-6.05500|-103.193|-57.7520
-6.05500|-103.193|-57.7520
-6.10000|-103.193|-57.7550
-6.10000|-103.193|-57.7550
-6.10000|-103.193|-57.7550
-6.14600|-103.193|-57.7570
-6.14600|-103.193|-57.7570
-6.19100|-103.193|-57.7600
-6.23600|-103.193|-57.7620
-6.32700|-103.193|-57.7670
-6.37300|-103.193|-57.7700
-6.46400|-103.193|-57.7750
-6.50900|-103.193|-57.7780
-6.60000|-103.193|-57.7830
-6.60000|-103.193|-57.7830
-6.64600|-103.193|-57.7860
-6.64600|-103.193|-57.7860
-6.69100|-103.193|-57.7890
-6.73700|-103.193|-57.7920
-6.82800|-103.193|-57.7970
-6.87300|-103.193|-57.8000
-7.00900|-103.193|-57.8090
-7.05500|-103.193|-57.8110
-7.19100|-103.193|-57.8200
-7.23700|-103.193|-57.8230
-7.32800|-103.193|-57.8290
-7.37300|-103.193|-57.8320
-7.37300|-103.193|-57.8320
-7.37300|-103.193|-57.8320
-7.37300|-103.193|-57.8320
-7.37300|-103.193|-57.8320
-7.37300|-103.193|-57.8320
-7.37300|-103.193|-57.8320
-7.37300|-103.193|-57.8320
-7.37300|-103.193|-57.8320
-7.37300|-103.193|-57.8320
-7.37300|-103.193|-57.8320
-7.37300|-103.193|-57.8320
-7.37300|-103.193|-57.8320
-7.37300|-103.193|-57.8320
-7.37300|-103.193|-57.8320
-7.37300|-103.193|-57.8320
-7.37300|-103.193|-57.8320
-7.37300|-103.193|-57.8320
-7.37300|-103.193|-57.8320
-7.37300|-103.193|-57.8320
-7.37300|-103.193|-57.8320
-7.37300|-103.193|-57.8320
-7.37300|-103.193|-57.8320
-7.37300|-103.193|-57.8320
-7.37300|-103.193|-57.8320
-7.37300|-103.193|-57.8320
-7.37300|-103.193|-57.8320
-7.37300|-103.193|-57.8320
-7.37300|-103.193|-57.8320
-7.37300|-103.193|-57.8320
-7.37300|-103.193|-57.8320
-7.37300|-103.193|-57.8320
-7.37300|-103.193|-57.8320
-7.37300|-103.193|-57.8320
-7.37300|-103.193|-57.8320
-7.37300|-103.193|-57.8320
-7.37300|-103.193|-57.8320
-7.37300|-103.193|-57.8320
-7.37300|-103.193|-57.8320
-7.37300|-103.193|-57.8320
-7.37300|-103.193|-57.8320
-7.37300|-103.193|-57.8320
-7.37300|-103.193|-57.8320
-7.37300|-103.193|-57.8320
-7.37300|-103.193|-57.8320
-7.37300|-103.193|-57.8320
-7.37300|-103.193|-57.8320
-7.37300|-103.193|-57.8320
-7.37300|-103.193|-57.8320
-7.37300|-103.193|-57.8320
-7.37300|-103.193|-57.8320
-7.37300|-103.193|-57.8320
-7.37300|-103.193|-57.8320
-7.37300|-103.193|-57.8320
-7.37300|-103.193|-57.8320
-7.37300|-103.193|-57.8320
-7.37300|-103.193|-57.8320
-7.37300|-103.193|-57.8320
-7.37300|-103.193|-57.8320
-7.37300|-103.193|-57.8320
-7.37300|-103.193|-57.8320
-7.37300|-103.193|-57.8320
-7.37300|-103.193|-57.8320
-7.37300|-103.193|-57.8320
-7.37300|-103.193|-57.8320
-7.37300|-103.193|-57.8320
-7.37300|-103.193|-57.8320
-7.37300|-103.193|-57.8320
-7.37300|-103.193|-57.8320
-7.37300|-103.193|-57.8320
-7.37300|-103.193|-57.8320
-7.37300|-103.193|-57.8320
-7.37300|-103.193|-57.8320
-7.37300|-103.193|-57.8320
-7.37300|-103.193|-57.8320
-7.37300|-103.193|-57.8320
-7.37300|-103.193|-57.8320
-7.37300|-103.193|-57.8320
-7.37300|-103.193|-57.8320
-7.37300|-103.193|-57.8320
-7.37300|-103.193|-57.8320
-7.37300|-103.193|-57.8320
-7.37300|-103.193|-57.8320
-7.37300|-103.193|-57.8320
-7.37300|-103.193|-57.8320
-7.37300|-103.193|-57.8320
-7.37300|-103.193|-57.8320
-7.37300|-103.193|-57.8320
-7.37300|-103.193|-57.8320
-7.37300|-103.193|-57.8320
-7.37300|-103.193|-57.8320
-7.37300|-103.193|-57.8320
-7.37300|-103.193|-57.8320
-7.37300|-103.193|-57.8320
-7.37300|-103.193|-57.8320
-7.37300|-103.193|-57.8320
-7.37300|-103.193|-57.8320
-7.37300|-103.193|-57.8320
-7.37300|-103.193|-57.8320
-7.37300|-103.193|-57.8320
-7.37300|-103.193|-57.8320
-7.37300|-103.193|-57.8320
-7.37300|-103.193|-57.8320
-7.37300|-103.193|-57.8320
-7.37300|-103.193|-57.8320
-7.37300|-103.193|-57.8320
-7.37300|-103.193|-57.8320
-7.37300|-103.193|-57.8320
-7.37300|-103.193|-57.8320
-7.41800|-103.193|-57.8350
-7.41800|-103.193|-57.8350
-7.41800|-103.193|-57.8350
-7.41800|-103.193|-57.8350
-7.46400|-103.193|-57.8380
-7.46400|-103.193|-57.8380
-7.50900|-103.193|-57.8410
-7.50900|-103.193|-57.8410
-7.55500|-103.193|-57.8440
-7.60000|-103.193|-57.8480
-7.64600|-103.193|-57.8510
-7.69100|-103.193|-57.8540
-7.73600|-103.193|-57.8570
-7.78200|-103.193|-57.8600
-7.82700|-103.193|-57.8630
-7.82700|-103.193|-57.8630
-7.82700|-103.193|-57.8630
-7.82700|-103.193|-57.8630
-7.82700|-103.193|-57.8630
-7.82700|-103.193|-57.8630
-7.78200|-103.193|-57.8600
-7.78200|-103.193|-57.8600
-7.78200|-103.193|-57.8600
-7.78200|-103.193|-57.8600
-7.78200|-103.193|-57.8600
-7.78600|-103.202|-57.8070
-7.78600|-103.202|-57.8070
-7.78600|-103.202|-57.8070
-7.84200|-103.229|-57.6500
-7.88800|-103.229|-57.6530
-7.98300|-103.238|-57.6060
-8.02800|-103.238|-57.6090
-8.12300|-103.193|-57.5650
-8.16900|-103.193|-57.5680
-8.30900|-103.202|-57.5250
-8.40500|-103.211|-57.4780
-8.59100|-103.220|-57.4390
-8.68700|-103.229|-57.3920
-8.82300|-103.229|-57.4030
-8.86900|-103.229|-57.4070
-9.05200|-103.229|-57.4210
-9.05200|-103.229|-57.4210
-9.09700|-103.229|-57.4250
-9.09700|-103.229|-57.4250
-9.18800|-103.229|-57.4330
-9.18800|-103.229|-57.4330
-9.23400|-103.229|-57.4360
-9.28000|-103.229|-57.4400
-9.32500|-103.229|-57.4440
-9.37100|-103.229|-57.4480
-9.41600|-103.229|-57.4520
-9.41600|-103.229|-57.4520
-9.41600|-103.229|-57.4520
-9.46200|-103.229|-57.4560
-9.46200|-103.229|-57.4560
-9.46200|-103.229|-57.4560
-9.46200|-103.229|-57.4560
-9.46200|-103.229|-57.4560
-9.46200|-103.229|-57.4560
-9.46200|-103.229|-57.4560
-9.46200|-103.229|-57.4560
-9.46200|-103.229|-57.4560
-9.46200|-103.229|-57.4560
-9.46200|-103.229|-57.4560
-9.46200|-103.229|-57.4560
-9.46200|-103.229|-57.4560
-9.50800|-103.229|-57.4600
-9.50800|-103.229|-57.4600
-9.50800|-103.229|-57.4600
-9.50800|-103.229|-57.4600
-9.50800|-103.229|-57.4600
-9.50800|-103.229|-57.4600
-9.50800|-103.229|-57.4600
-9.50800|-103.229|-57.4600
-9.50800|-103.229|-57.4600
-9.50800|-103.229|-57.4600
-9.50800|-103.229|-57.4600
-9.50800|-103.229|-57.4600
-9.50800|-103.229|-57.4600
-9.50800|-103.229|-57.4600
-9.50800|-103.229|-57.4600
-9.50800|-103.229|-57.4600
-9.50800|-103.229|-57.4600
-9.50800|-103.229|-57.4600
-9.50800|-103.229|-57.4600
-9.50800|-103.229|-57.4600
-9.50800|-103.229|-57.4600
-9.50800|-103.229|-57.4600
-9.50800|-103.229|-57.4600
-9.50800|-103.229|-57.4600
-9.50800|-103.229|-57.4600
-9.50800|-103.229|-57.4600
-9.50800|-103.229|-57.4600
-9.50800|-103.229|-57.4600
-9.50800|-103.229|-57.4600
-9.50800|-103.229|-57.4600
-9.50800|-103.229|-57.4600
-9.50800|-103.229|-57.4600
-9.50800|-103.229|-57.4600
-9.50800|-103.229|-57.4600
-9.50800|-103.229|-57.4600
-9.50800|-103.229|-57.4600
-9.50800|-103.229|-57.4600
-9.50800|-103.229|-57.4600
-9.50800|-103.229|-57.4600
-9.50800|-103.229|-57.4600
-9.50800|-103.229|-57.4600
-9.50800|-103.229|-57.4600
-9.50800|-103.229|-57.4600
-9.50800|-103.229|-57.4600
-9.50800|-103.229|-57.4600
-9.50800|-103.229|-57.4600
-9.50800|-103.229|-57.4600
-9.50800|-103.229|-57.4600
-9.50800|-103.229|-57.4600
-9.50800|-103.229|-57.4600
-9.50300|-103.220|-57.5130
-9.50300|-103.220|-57.5130
-9.50300|-103.220|-57.5130
-9.49800|-103.211|-57.5660
-9.49800|-103.211|-57.5660
-9.49800|-103.211|-57.5660
-9.49800|-103.211|-57.5660
-9.53500|-103.193|-57.6770
-9.53500|-103.193|-57.6770
-9.53000|-103.184|-57.7300
-9.53000|-103.184|-57.7300
-9.52600|-103.175|-57.7840
-9.52600|-103.175|-57.7840
-9.52600|-103.175|-57.7840
-9.52600|-103.175|-57.7840
-9.52600|-103.175|-57.7840
-9.52600|-103.175|-57.7840
-9.52600|-103.175|-57.7840
-9.52600|-103.175|-57.7840
-9.52600|-103.175|-57.7840
-9.52600|-103.175|-57.7840
-9.52600|-103.175|-57.7840
-9.52600|-103.175|-57.7840
-9.52600|-103.175|-57.7840
-9.52600|-103.175|-57.7840
-9.52600|-103.175|-57.7840
-9.52600|-103.175|-57.7840
-9.52600|-103.175|-57.7840
-9.52600|-103.175|-57.7840
-9.52600|-103.175|-57.7840
-9.52600|-103.175|-57.7840
-9.52600|-103.175|-57.7840
-9.52600|-103.175|-57.7840
-9.52600|-103.175|-57.7840
-9.52600|-103.175|-57.7840
-9.52600|-103.175|-57.7840
-9.52600|-103.175|-57.7840
-9.52600|-103.175|-57.7840
-9.52600|-103.175|-57.7840
-9.52600|-103.175|-57.7840
-9.52600|-103.175|-57.7840
-9.52600|-103.175|-57.7840
-9.52600|-103.175|-57.7840
-9.52600|-103.175|-57.7840
-9.52600|-103.175|-57.7840
-9.52600|-103.175|-57.7840
-9.52600|-103.175|-57.7840
-9.52600|-103.175|-57.7840
-9.52600|-103.175|-57.7840
-9.52600|-103.175|-57.7840
-9.52600|-103.175|-57.7840
-9.52600|-103.175|-57.7840
-9.52600|-103.175|-57.7840
-9.52600|-103.175|-57.7840
-9.52600|-103.175|-57.7840
-9.52600|-103.175|-57.7840
-9.52600|-103.175|-57.7840
-9.52600|-103.175|-57.7840
-9.52600|-103.175|-57.7840
-9.52600|-103.175|-57.7840
-9.52600|-103.175|-57.7840
-9.52600|-103.175|-57.7840
-9.52600|-103.175|-57.7840
-9.52600|-103.175|-57.7840
-9.52600|-103.175|-57.7840
-9.52600|-103.175|-57.7840
-9.52600|-103.175|-57.7840
-9.52600|-103.175|-57.7840
-9.52600|-103.175|-57.7840
-9.52600|-103.175|-57.7840
-9.52600|-103.175|-57.7840
-9.52600|-103.175|-57.7840
-9.52600|-103.175|-57.7840
-9.48000|-103.175|-57.7800
-9.48000|-103.175|-57.7800
-9.48000|-103.175|-57.7800
-9.43500|-103.175|-57.7760
-9.43500|-103.175|-57.7760
-9.43500|-103.175|-57.7760
-9.43500|-103.175|-57.7760
-9.43500|-103.175|-57.7760
-9.43500|-103.175|-57.7760
-9.43500|-103.175|-57.7760
-9.43500|-103.175|-57.7760
-9.43500|-103.175|-57.7760
-9.43500|-103.175|-57.7760
-9.43500|-103.175|-57.7760
-9.43500|-103.175|-57.7760
-9.43500|-103.175|-57.7760
-9.43500|-103.175|-57.7760
-9.43500|-103.175|-57.7760
-9.43500|-103.175|-57.7760
-9.43500|-103.175|-57.7760
-9.43500|-103.175|-57.7760
-9.43500|-103.175|-57.7760
-9.43500|-103.175|-57.7760
-9.43500|-103.175|-57.7760
-9.43500|-103.175|-57.7760
-9.43500|-103.175|-57.7760
-9.43500|-103.175|-57.7760
-9.43500|-103.175|-57.7760
-9.43500|-103.175|-57.7760
-9.43500|-103.175|-57.7760
-9.43500|-103.175|-57.7760
-9.43500|-103.175|-57.7760
-9.43500|-103.175|-57.7760
-9.43500|-103.175|-57.7760
-9.43500|-103.175|-57.7760
-9.43500|-103.175|-57.7760
-9.43500|-103.175|-57.7760
-9.43500|-103.175|-57.7760
-9.43500|-103.175|-57.7760
-9.43500|-103.175|-57.7760
-9.43500|-103.175|-57.7760
-9.43500|-103.175|-57.7760
-9.43500|-103.175|-57.7760
-9.43500|-103.175|-57.7760
-9.43500|-103.175|-57.7760
-9.43500|-103.175|-57.7760
-9.43500|-103.175|-57.7760
-9.43500|-103.175|-57.7760
-9.43500|-103.175|-57.7760
-9.43500|-103.175|-57.7760
-9.43500|-103.175|-57.7760
-9.43500|-103.175|-57.7760
-9.43500|-103.175|-57.7760
-9.43500|-103.175|-57.7760
-9.43500|-103.175|-57.7760
-9.43500|-103.175|-57.7760
-9.43500|-103.175|-57.7760
-9.43500|-103.175|-57.7760
-9.43500|-103.175|-57.7760
-9.43500|-103.175|-57.7760
-9.43500|-103.175|-57.7760
-9.43500|-103.175|-57.7760
-9.43500|-103.175|-57.7760
-9.43500|-103.175|-57.7760
-9.43500|-103.175|-57.7760
-9.43500|-103.175|-57.7760
-9.43500|-103.175|-57.7760
-9.43500|-103.175|-57.7760
-9.43500|-103.175|-57.7760
-9.43500|-103.175|-57.7760
-9.43500|-103.175|-57.7760
-9.43500|-103.175|-57.7760
-9.43500|-103.175|-57.7760
-9.43500|-103.175|-57.7760
-9.43500|-103.175|-57.7760
-9.43500|-103.175|-57.7760
-9.43500|-103.175|-57.7760
-9.43500|-103.175|-57.7760
-9.43500|-103.175|-57.7760
-9.43500|-103.175|-57.7760
-9.43500|-103.175|-57.7760
-9.43500|-103.175|-57.7760
-9.43500|-103.175|-57.7760
-9.43500|-103.175|-57.7760
-9.43500|-103.175|-57.7760
-9.43500|-103.175|-57.7760
-9.43500|-103.175|-57.7760
-9.43500|-103.175|-57.7760
-9.43500|-103.175|-57.7760
-9.43500|-103.175|-57.7760
-9.43500|-103.175|-57.7760
-9.43500|-103.175|-57.7760
-9.43500|-103.175|-57.7760
-9.43500|-103.175|-57.7760
-9.43500|-103.175|-57.7760
-9.43500|-103.175|-57.7760
-9.43500|-103.175|-57.7760
-9.43500|-103.175|-57.7760
-9.43500|-103.175|-57.7760
-9.43500|-103.175|-57.7760
-9.43500|-103.175|-57.7760
-9.43500|-103.175|-57.7760
-9.43500|-103.175|-57.7760
-9.43500|-103.175|-57.7760
-9.43500|-103.175|-57.7760
-9.43500|-103.175|-57.7760
-9.43500|-103.175|-57.7760
-9.43500|-103.175|-57.7760
-9.43500|-103.175|-57.7760
-9.43500|-103.175|-57.7760
-9.43500|-103.175|-57.7760
-9.43500|-103.175|-57.7760
-9.43500|-103.175|-57.7760
-9.43500|-103.175|-57.7760
-9.43500|-103.175|-57.7760
-9.43500|-103.175|-57.7760
-9.43500|-103.175|-57.7760
-9.43500|-103.175|-57.7760
-9.43500|-103.175|-57.7760
-9.43500|-103.175|-57.7760
-9.43500|-103.175|-57.7760
-9.43500|-103.175|-57.7760
-9.43500|-103.175|-57.7760
-9.43500|-103.175|-57.7760
-9.43500|-103.175|-57.7760
-9.43500|-103.175|-57.7760
-9.43500|-103.175|-57.7760
-9.43500|-103.175|-57.7760
-9.43500|-103.175|-57.7760
-9.43500|-103.175|-57.7760
-9.43500|-103.175|-57.7760
-9.43500|-103.175|-57.7760
-9.43500|-103.175|-57.7760
-9.43500|-103.175|-57.7760
-9.43500|-103.175|-57.7760
-9.43500|-103.175|-57.7760
-9.43500|-103.175|-57.7760
-9.43500|-103.175|-57.7760
-9.43500|-103.175|-57.7760
-9.43500|-103.175|-57.7760
-9.43500|-103.175|-57.7760
-9.43500|-103.175|-57.7760
-9.43500|-103.175|-57.7760
-9.43500|-103.175|-57.7760
-9.43500|-103.175|-57.7760
-9.43500|-103.175|-57.7760
-9.43500|-103.175|-57.7760
-9.43500|-103.175|-57.7760
-9.43500|-103.175|-57.7760
-9.43500|-103.175|-57.7760
-9.43500|-103.175|-57.7760
-9.43500|-103.175|-57.7760
-9.43500|-103.175|-57.7760
-9.43500|-103.175|-57.7760
-9.43500|-103.175|-57.7760
-9.43500|-103.175|-57.7760
-9.43500|-103.175|-57.7760
-9.43500|-103.175|-57.7760
-9.43500|-103.175|-57.7760
-9.43500|-103.175|-57.7760
-9.43500|-103.175|-57.7760
-9.43500|-103.175|-57.7760
-9.43500|-103.175|-57.7760
-9.43500|-103.175|-57.7760
-9.43500|-103.175|-57.7760
-9.43500|-103.175|-57.7760
-9.43500|-103.175|-57.7760
-9.43500|-103.175|-57.7760
-9.43500|-103.175|-57.7760
-9.43500|-103.175|-57.7760
-9.43500|-103.175|-57.7760
-9.43500|-103.175|-57.7760
-9.43500|-103.175|-57.7760
-9.43500|-103.175|-57.7760
-9.43500|-103.175|-57.7760
-9.43500|-103.175|-57.7760
-9.43500|-103.175|-57.7760
-9.43500|-103.175|-57.7760
-9.43500|-103.175|-57.7760
-9.43500|-103.175|-57.7760
-9.43500|-103.175|-57.7760
-9.43500|-103.175|-57.7760
-9.43500|-103.175|-57.7760
-9.43500|-103.175|-57.7760
-9.43500|-103.175|-57.7760
-9.43500|-103.175|-57.7760
-9.43500|-103.175|-57.7760
-9.43500|-103.175|-57.7760
-9.43500|-103.175|-57.7760
-9.43500|-103.175|-57.7760
-9.43500|-103.175|-57.7760
-9.43500|-103.175|-57.7760
-9.43500|-103.175|-57.7760
-9.43500|-103.175|-57.7760
-9.43500|-103.175|-57.7760
-9.43500|-103.175|-57.7760
-9.43500|-103.175|-57.7760
-9.43500|-103.175|-57.7760
-9.43500|-103.175|-57.7760
-9.43500|-103.175|-57.7760
-9.43500|-103.175|-57.7760
-9.43500|-103.175|-57.7760
-9.43500|-103.175|-57.7760
-9.43500|-103.175|-57.7760
-9.43500|-103.175|-57.7760
-9.43500|-103.175|-57.7760
-9.43500|-103.175|-57.7760
-9.43500|-103.175|-57.7760
-9.43500|-103.175|-57.7760
-9.43500|-103.175|-57.7760
-9.43500|-103.175|-57.7760
-9.43500|-103.175|-57.7760
-9.43500|-103.175|-57.7760
-9.43500|-103.175|-57.7760
-9.43500|-103.175|-57.7760
-9.43500|-103.175|-57.7760
-9.43500|-103.175|-57.7760
-9.43500|-103.175|-57.7760
-9.43500|-103.175|-57.7760
-9.43500|-103.175|-57.7760
-9.43500|-103.175|-57.7760
-9.43500|-103.175|-57.7760
-9.43500|-103.175|-57.7760
-9.43500|-103.175|-57.7760
-9.43500|-103.175|-57.7760
-9.43500|-103.175|-57.7760
-9.43500|-103.175|-57.7760
-9.43500|-103.175|-57.7760
-9.43500|-103.175|-57.7760
-9.43500|-103.175|-57.7760
-9.43500|-103.175|-57.7760
-9.43500|-103.175|-57.7760
-9.43500|-103.175|-57.7760
-9.43500|-103.175|-57.7760
-9.43500|-103.175|-57.7760
-9.43500|-103.175|-57.7760
-9.43500|-103.175|-57.7760
-9.43500|-103.175|-57.7760
-9.43500|-103.175|-57.7760
-9.43500|-103.175|-57.7760
-9.43500|-103.175|-57.7760
-9.43500|-103.175|-57.7760
-9.43500|-103.175|-57.7760
-9.43500|-103.175|-57.7760
-9.43500|-103.175|-57.7760
-9.43500|-103.175|-57.7760
-9.43500|-103.175|-57.7760
-9.43500|-103.175|-57.7760
-9.43500|-103.175|-57.7760
-9.43500|-103.175|-57.7760
-9.43500|-103.175|-57.7760
-9.43500|-103.175|-57.7760
-9.43500|-103.175|-57.7760
-9.43500|-103.175|-57.7760
-9.43500|-103.175|-57.7760
-9.43500|-103.175|-57.7760
-9.43500|-103.175|-57.7760
-9.43500|-103.175|-57.7760
-9.43500|-103.175|-57.7760
-9.43500|-103.175|-57.7760
-9.43500|-103.175|-57.7760
-9.43500|-103.175|-57.7760
-9.43500|-103.175|-57.7760
-9.43500|-103.175|-57.7760
-9.43500|-103.175|-57.7760
-9.43500|-103.175|-57.7760
-9.43500|-103.175|-57.7760
-9.43500|-103.175|-57.7760
-9.43500|-103.175|-57.7760
-9.43500|-103.175|-57.7760
-9.43500|-103.175|-57.7760
-9.43500|-103.175|-57.7760
-9.43500|-103.175|-57.7760
-9.43500|-103.175|-57.7760
-9.43500|-103.175|-57.7760
