-210.216|+19.8910|-26.0640
-209.867|+21.9100|-25.5450
-209.784|+23.2550|-25.4750
-209.711|+23.8250|-25.3990
-209.653|+24.5490|-25.4380
-209.538|+24.8590|-25.3900
-209.424|+25.2720|-25.4680
-209.119|+25.9420|-25.4240
-208.885|+26.3540|-25.3310
-208.871|+26.4050|-25.3410
-208.739|+26.6620|-25.3060
-208.709|+26.7650|-25.3260
-208.576|+27.0220|-25.2910
-208.561|+27.0730|-25.3010
-208.487|+27.3300|-25.3520
-208.413|+27.3810|-25.2770
-208.353|+27.5860|-25.3180
-208.323|+27.6890|-25.3380
-208.293|+27.7910|-25.3590
-208.278|+27.8430|-25.3700
-208.232|+27.9960|-25.4010
-208.232|+27.9960|-25.4010
-208.202|+28.0990|-25.4220
-208.187|+28.1500|-25.4320
-208.172|+28.2010|-25.4420
-208.156|+28.2520|-25.4530
-208.141|+28.3030|-25.4630
-208.141|+28.3030|-25.4630
-208.111|+28.4060|-25.4840
-208.111|+28.4060|-25.4840
-208.154|+28.4570|-25.5800
-208.139|+28.5080|-25.5910
-208.108|+28.6100|-25.6120
-208.167|+28.6100|-25.6980
-208.179|+28.7640|-25.8150
-208.164|+28.8150|-25.8250
-208.178|+28.8650|-25.9420
-208.178|+28.8650|-25.9420
-208.205|+28.9670|-26.0480
-208.248|+29.0180|-26.1450
-208.291|+29.0690|-26.2410
-208.334|+29.1200|-26.3370
-208.377|+29.1710|-26.4330
-208.435|+29.1710|-26.5190
-208.565|+29.2220|-26.8070
-208.623|+29.2220|-26.8930
-208.724|+29.2730|-27.0750
-208.782|+29.2730|-27.1610
-208.898|+29.2730|-27.3320
-208.898|+29.2730|-27.3320
-209.014|+29.2730|-27.5040
-209.072|+29.2730|-27.5900
-209.187|+29.2730|-27.7620
-209.245|+29.2730|-27.8480
-209.347|+29.2210|-28.0300
-209.404|+29.2210|-28.1160
-209.520|+29.2210|-28.2880
-209.520|+29.2210|-28.2880
-209.520|+29.2210|-28.2880
-209.563|+29.1690|-28.3830
-209.563|+29.1690|-28.3830
-209.563|+29.1690|-28.3830
-209.563|+29.1690|-28.3830
-209.563|+29.1690|-28.3830
-209.563|+29.1690|-28.3830
-209.563|+29.1690|-28.3830
-209.563|+29.1690|-28.3830
-209.563|+29.1690|-28.3830
-209.548|+29.2200|-28.3940
-209.548|+29.2200|-28.3940
-209.548|+29.2200|-28.3940
-209.548|+29.2200|-28.3940
-209.548|+29.2200|-28.3940
-209.548|+29.2200|-28.3940
-209.532|+29.2710|-28.4040
-209.532|+29.2710|-28.4040
-209.532|+29.2710|-28.4040
-209.532|+29.2710|-28.4040
-209.532|+29.2710|-28.4040
-209.532|+29.2710|-28.4040
-209.532|+29.2710|-28.4040
-209.532|+29.2710|-28.4040
-209.532|+29.2710|-28.4040
-209.532|+29.2710|-28.4040
-209.532|+29.2710|-28.4040
-209.532|+29.2710|-28.4040
-209.532|+29.2710|-28.4040
-209.532|+29.2710|-28.4040
-209.532|+29.2710|-28.4040
-209.532|+29.2710|-28.4040
-209.532|+29.2710|-28.4040
-209.532|+29.2710|-28.4040
-209.532|+29.2710|-28.4040
-209.532|+29.2710|-28.4040
-209.532|+29.2710|-28.4040
-209.532|+29.2710|-28.4040
-209.518|+29.2190|-28.4140
-209.518|+29.2190|-28.4140
-209.534|+29.1680|-28.4030
-209.520|+29.1170|-28.4120
-209.520|+29.1170|-28.4120
-209.522|+29.0140|-28.4110
-209.524|+28.9110|-28.4100
-209.524|+28.9110|-28.4100
-209.526|+28.8080|-28.4080
-209.526|+28.8080|-28.4080
-209.528|+28.7060|-28.4070
-209.528|+28.7060|-28.4070
-209.530|+28.6030|-28.4060
-209.545|+28.5520|-28.3950
-209.531|+28.5000|-28.4050
-209.531|+28.5000|-28.4050
-209.476|+28.3970|-28.3170
-209.491|+28.3460|-28.3070
-209.434|+28.3460|-28.2210
-209.435|+28.2440|-28.2200
-209.393|+28.1930|-28.1230
-209.322|+28.1410|-28.0460
-209.208|+28.0380|-27.8730
-209.150|+28.0380|-27.7870
-208.978|+27.9350|-27.5280
-208.936|+27.8840|-27.4320
-208.705|+27.7820|-27.0870
-208.647|+27.7820|-27.0020
-208.359|+27.5760|-26.5710
-208.242|+27.5760|-26.4000
-207.951|+27.4730|-25.9710
-207.834|+27.4730|-25.8000
-207.308|+27.2680|-25.0300
-207.131|+27.2680|-24.7740
-206.601|+27.0620|-24.0070
-206.423|+27.0620|-23.7520
-205.604|+26.8050|-22.5540
-205.350|+26.7540|-22.2260
-204.583|+26.4970|-21.1180
-204.221|+26.3940|-20.6120
-203.232|+26.1370|-19.2810
-202.865|+26.0350|-18.7790
-201.755|+25.7260|-17.2800
-201.305|+25.6750|-16.7100
-199.647|+25.2630|-14.5860
-199.204|+25.1610|-14.0120
-197.554|+24.7490|-12.0150
-196.932|+24.5950|-11.3170
-194.619|+23.9790|-8.79500
-193.906|+23.7740|-8.04100
-192.096|+23.2100|-6.18500
-191.277|+23.0050|-5.38800
-188.171|+22.1880|-2.47900
-187.253|+21.9340|-1.64000
-184.250|+21.2740|+0.92100
-183.203|+21.0720|+1.77400
-179.183|+20.3690|+4.89400
-177.928|+20.1190|+5.81700
-174.682|+19.6230|+8.06800
-173.220|+19.4260|+9.05400
-166.284|+18.7510|+13.4030
-159.295|+18.4370|+17.2340
-157.453|+18.3480|+18.1700
-150.603|+18.2420|+21.3240
-148.530|+18.3040|+22.2290
-142.078|+18.3930|+24.8580
-139.896|+18.4550|+25.7090
-132.959|+18.7380|+28.2680
-130.494|+18.8470|+29.1400
-123.153|+19.3150|+31.6950
-120.537|+19.4690|+32.5920
-111.562|+20.0230|+35.6550
-108.910|+20.2670|+36.5720
-101.115|+20.8950|+39.3060
-98.4930|+21.0870|+40.2040
-89.5930|+21.7970|+43.5010
-86.9320|+21.9850|+44.4890
-79.0490|+22.3610|+47.4250
-76.4890|+22.4540|+48.4050
-68.7700|+22.9220|+51.2660
-66.1860|+23.1560|+52.2020
-57.3040|+23.8140|+55.2940
-54.8630|+23.9560|+56.1010
-47.4030|+24.2870|+58.4840
-45.0270|+24.4770|+59.2400
-36.2610|+25.0510|+61.8210
-33.8440|+25.1480|+62.5080
-26.4370|+25.6800|+64.4420
-24.0740|+25.8740|+65.0090
-16.7470|+26.5560|+66.6700
-14.2550|+26.7530|+67.1880
-5.55800|+27.3970|+68.7230
-3.12500|+27.5960|+69.1110
+3.92300|+28.2950|+70.1640
+6.18800|+28.4960|+70.4510
+14.1080|+29.0100|+71.3010
+16.2970|+29.2130|+71.4880
+22.9860|+29.5300|+71.8690
+25.0880|+29.6350|+71.9340
+31.3050|+29.7530|+71.9830
+33.3110|+29.7590|+71.9410
+39.9270|+29.5270|+71.5960
+41.7330|+29.4320|+71.4720
+46.9210|+29.0430|+70.8810
+48.6150|+28.8960|+70.6580
+53.3730|+28.4030|+69.8770
+54.8510|+28.3040|+69.5870
+59.0940|+27.9090|+68.7570
+60.4690|+27.8100|+68.4570
+64.3860|+27.4630|+67.5410
+65.5610|+27.3640|+67.2640
+69.6530|+27.0160|+66.2060
+70.7130|+26.9160|+65.8900
+73.8100|+26.6680|+65.0040
+74.7760|+26.6180|+64.7200
+78.0270|+26.5180|+63.6530
+78.8930|+26.4690|+63.3840
+81.3580|+26.4180|+62.5080
+82.2120|+26.4180|+62.2050
+84.7670|+26.4180|+61.2780
+85.4270|+26.4180|+61.0330
+87.4050|+26.4180|+60.2870
+88.0630|+26.4180|+60.0340
+90.1250|+26.4180|+59.2280
+90.5930|+26.4180|+59.0420
+92.2730|+26.4180|+58.3660
+92.7390|+26.4180|+58.1760
+94.2280|+26.4180|+57.5600
+94.6920|+26.4180|+57.3660
+96.1750|+26.4180|+56.7380
+96.6380|+26.4180|+56.5400
+97.7550|+26.3690|+56.0810
+98.1240|+26.3690|+55.9200
+99.3220|+26.2690|+55.3930
+99.5980|+26.2690|+55.2710
+100.250|+26.2190|+55.0030
+100.434|+26.2190|+54.9210
+100.984|+26.2190|+54.6720
+101.076|+26.2190|+54.6310
+101.351|+26.2190|+54.5060
+101.351|+26.2190|+54.5060
+101.259|+26.2190|+54.5470
+101.159|+26.2690|+54.5690
+100.700|+26.3690|+54.7750
+100.424|+26.3690|+54.8990
+99.5790|+26.4680|+55.2290
+99.2110|+26.5680|+55.3910
+97.6000|+26.8160|+55.9770
+97.0280|+26.9150|+56.1760
+95.1090|+27.3120|+56.8010
+94.4340|+27.4600|+57.0110
+92.0010|+28.1030|+57.6960
+91.1290|+28.3000|+57.9500
+87.4160|+29.2850|+58.9130
+86.2350|+29.6280|+59.1890
+82.3980|+30.7060|+60.0510
+80.9160|+31.1450|+60.3510
+75.3560|+32.6970|+61.3230
+72.8640|+33.4200|+61.6850
+67.2830|+34.8550|+62.3900
+65.2920|+35.3790|+62.6160
+57.9220|+37.1710|+63.2440
+55.7330|+37.6850|+63.3760
+48.8740|+39.1630|+63.6200
+46.4990|+39.6200|+63.6710
+37.9000|+41.1440|+63.5330
+35.3450|+41.4920|+63.4420
+28.7920|+42.2570|+63.0830
+26.1650|+42.5050|+62.8980
+16.7080|+43.2240|+62.1090
+14.0250|+43.3260|+61.8180
+5.94100|+43.5490|+60.9190
+3.10700|+43.6090|+60.5820
-5.15400|+43.6590|+59.5100
-7.95400|+43.6790|+59.1180
-17.9740|+43.4140|+57.6620
-20.8360|+43.3510|+57.2210
-38.9200|+42.8360|+54.2200
-41.7550|+42.7440|+53.7130
-50.1450|+42.6130|+52.0700
-52.8760|+42.5250|+51.4980
-61.2140|+42.2190|+49.5590
-63.9250|+42.0880|+48.8800
-73.5710|+41.5210|+46.3060
-76.2670|+41.3010|+45.5330
-84.6020|+40.8320|+42.9930
-87.3710|+40.6140|+42.0950
-96.6280|+39.9710|+38.8960
-99.2820|+39.7070|+37.9060
-107.166|+38.7800|+34.9010
-109.807|+38.4220|+33.8260
-117.721|+37.2570|+30.4840
-120.345|+36.8990|+29.3120
-129.418|+35.2610|+25.0820
-132.017|+34.8040|+23.7950
-139.607|+33.3310|+19.8710
-156.469|+29.8710|+10.1950
-158.746|+29.3980|+8.78700
-165.554|+27.9680|+4.44300
-167.787|+27.4380|+2.92500
-174.037|+26.0350|-1.32400
-176.017|+25.5470|-2.72900
-182.764|+23.8720|-7.64600
-184.711|+23.4750|-9.13900
-190.181|+22.1230|-13.4770
-191.937|+21.7200|-14.9130
-197.717|+20.2450|-19.9220
-199.270|+19.8860|-21.3030
-203.019|+18.8570|-24.8880
-204.433|+18.4940|-26.2700
-208.772|+17.1950|-30.6430
-208.981|+16.9860|-30.6290
-209.423|+15.9480|-30.3370
-209.543|+15.6340|-30.1350
-210.033|+14.2280|-29.8110
-210.013|+13.8640|-29.5770
-209.692|+12.5110|-28.4220
-209.673|+12.3540|-28.3100
-209.792|+12.4570|-28.4800
-209.940|+12.5580|-28.6310
-210.346|+12.6580|-29.1080
-210.359|+12.6060|-29.1000
-210.301|+12.6060|-29.0130
-210.231|+12.6580|-28.9350
-210.120|+12.7610|-28.7600
-210.005|+12.7610|-28.5870
-210.010|+13.7910|-28.5840
-210.084|+13.8410|-28.6600
-210.068|+13.7910|-28.6700
-210.068|+13.7910|-28.6700
-210.166|+13.7400|-28.8540
-210.163|+13.6370|-28.8560
-210.089|+13.5860|-28.7810
-210.089|+13.5860|-28.7810
-210.086|+13.4840|-28.7830
-210.099|+13.4310|-28.7740
-210.108|+13.2760|-28.7680
-210.092|+13.2260|-28.7790
-210.092|+13.2260|-28.7790
-210.092|+13.2260|-28.7790
-210.092|+13.2260|-28.7790
-210.035|+13.2260|-28.6920
-209.847|+14.0990|-28.3190
-209.796|+14.3050|-28.2280
-209.650|+14.7670|-27.9510
-209.596|+14.8700|-27.8630
-208.805|+15.6930|-26.6440
-208.691|+15.7960|-26.4700
-207.980|+16.0540|-25.4480
-207.804|+16.0540|-25.1920
-207.156|+16.1570|-24.2520
-206.919|+16.1570|-23.9110
-206.144|+16.1570|-22.8070
-205.844|+16.1570|-22.3830
-205.001|+16.1570|-21.2010
-204.698|+16.1570|-20.7800
-203.722|+16.1570|-19.4360
-203.354|+16.1570|-18.9340
-201.994|+16.1570|-17.1010
-201.608|+16.2090|-16.6120
-200.214|+16.2610|-14.8040
-199.758|+16.3130|-14.2390
-197.920|+16.5210|-11.9890
-197.379|+16.6250|-11.3590
-195.601|+16.9880|-9.33000
-194.986|+17.0920|-8.62800
-192.646|+17.6110|-6.12700
-191.939|+17.7660|-5.36800
-189.747|+18.3360|-3.15900
-189.001|+18.4920|-2.43700
-186.181|+19.1650|+0.17100
-185.311|+19.3730|+0.91400
-182.652|+19.9940|+3.09000
-181.741|+20.2010|+3.78800
-178.717|+20.8210|+6.01500
-178.205|+20.9240|+6.37500
-174.233|+21.5940|+9.06800
-173.004|+21.8500|+9.85600
-169.068|+22.4630|+12.2270
-167.599|+22.6660|+13.0360
-162.412|+23.3730|+15.7510
-160.812|+23.5740|+16.5270
-155.796|+24.1700|+18.8460
-153.989|+24.3680|+19.6430
-147.412|+25.0500|+22.2450
-145.455|+25.2910|+22.9450
-138.208|+26.0030|+25.3760
-136.118|+26.2380|+25.9740
-130.489|+26.7930|+27.5520
-128.193|+27.0220|+28.1070
-119.809|+27.9740|+30.0820
-117.348|+28.2420|+30.5990
-109.623|+29.0300|+32.1100
-106.991|+29.2890|+32.5630
-97.6820|+30.2280|+34.1570
-95.0300|+30.4350|+34.5980
-88.1820|+30.9240|+35.7060
-85.3170|+31.0830|+36.1960
-76.7120|+31.7840|+37.6300
-73.8250|+32.0340|+38.1470
-64.9450|+32.6030|+39.6510
-62.0160|+32.8100|+40.1740
-53.1290|+33.3110|+41.8740
-50.1470|+33.4370|+42.4370
-41.1380|+33.6930|+44.1720
-38.0810|+33.7390|+44.7720
-27.6620|+33.8910|+46.7800
-24.5920|+33.9910|+47.4020
-15.5010|+34.1250|+49.1820
-12.4810|+34.1000|+49.7840
-1.81000|+34.0410|+51.7130
+1.18000|+34.0240|+52.2990
+34.9350|+33.8430|+57.6340
+37.7660|+33.6930|+58.0300
+44.9310|+33.5440|+58.7560
+47.7150|+33.3430|+59.0450
+57.3440|+32.9810|+59.7350
+59.8860|+32.8680|+59.9010
+67.8350|+32.6180|+60.0860
+70.2880|+32.4480|+60.0600
+79.0000|+31.6980|+59.6960
+81.4500|+31.5200|+59.4740
+88.4070|+30.7300|+58.7000
+90.5470|+30.4450|+58.3850
+95.9560|+29.6280|+57.5090
+97.9830|+29.2380|+57.1100
+108.058|+27.4100|+54.4940
+109.923|+27.0090|+53.9010
+115.350|+25.5990|+51.9590
+117.081|+25.1440|+51.2920
+122.852|+23.5700|+48.8150
+124.246|+23.1630|+48.1530
+127.906|+22.0420|+46.2750
+129.255|+21.5830|+45.5280
+133.754|+20.0020|+42.8370
+134.964|+19.4920|+42.0580
+138.276|+18.2200|+39.8000
+139.381|+17.7100|+39.0490
+142.716|+16.0310|+36.6470
+143.635|+15.6230|+35.9890
+146.182|+14.4030|+34.0780
+146.899|+13.9970|+33.4930
+149.301|+12.6770|+31.5620
+149.924|+12.2720|+31.0250
+151.447|+11.2110|+29.6400
+151.889|+10.8580|+29.2060
+153.022|+9.80300|+27.9920
+153.354|+9.45400|+27.5860
+154.013|+8.56000|+26.6050
+154.089|+8.26300|+26.3720
+154.236|+7.28200|+25.5720
+154.125|+6.99000|+25.4320
+153.038|+6.15600|+24.8800
+152.722|+6.07300|+24.8070
+151.049|+6.23900|+24.9690
+150.496|+6.25700|+25.0800
+148.676|+6.66200|+25.5210
+147.938|+6.78200|+25.7130
+145.528|+7.38700|+26.5110
+144.725|+7.65300|+26.7710
+141.893|+8.50200|+27.7980
+140.925|+8.86600|+28.1580
+137.112|+10.1090|+29.6370
+135.880|+10.5190|+30.1160
+132.044|+11.7910|+31.6650
+130.744|+12.1960|+32.1980
+125.711|+13.8040|+34.1680
+124.222|+14.3510|+34.7380
+119.405|+15.8380|+36.5830
+117.757|+16.3780|+37.2380
+110.756|+18.4330|+39.8400
+108.916|+18.9670|+40.5050
+103.043|+20.4670|+42.6050
+101.011|+20.9960|+43.2770
+94.8300|+22.4350|+45.2740
+92.7010|+22.9120|+45.9210
+85.1240|+24.4800|+48.1590
+82.8170|+24.9530|+48.8210
+75.6860|+26.2720|+50.7140
+56.7430|+29.4530|+55.0140
+29.5690|+33.0420|+59.3860
+26.6620|+33.4170|+59.7280
+18.1090|+34.4010|+60.5480
+15.1890|+34.7760|+60.7420
+5.19400|+36.0010|+61.2870
+2.36200|+36.2850|+61.3730
-6.42700|+37.3290|+61.4540
-9.45300|+37.6620|+61.4110
-18.3480|+38.6690|+61.1640
-21.2800|+38.9580|+61.0000
-31.5040|+40.1240|+60.2870
-34.4410|+40.4670|+60.0290
-43.2390|+41.4050|+59.0310
-46.1720|+41.7040|+58.6480
-63.3640|+43.1910|+55.7950
-66.1930|+43.4030|+55.2300
-74.5730|+43.9000|+53.3820
-77.3840|+44.0180|+52.6790
-87.2190|+44.3940|+50.0520
-90.0300|+44.4700|+49.2570
-98.1360|+44.6000|+46.7320
-100.731|+44.6260|+45.8550
-108.631|+44.5230|+43.1300
-111.220|+44.4550|+42.1710
-118.863|+44.2040|+39.1680
-121.515|+44.0870|+38.0510
-128.926|+43.7390|+34.8440
-131.299|+43.5730|+33.7750
-139.524|+43.0840|+29.7940
-148.492|+42.2570|+25.1170
-150.632|+42.0360|+23.9450
-157.865|+41.1260|+19.7540
-159.790|+40.8490|+18.5870
-165.454|+39.9050|+14.9030
-167.314|+39.5210|+13.6260
-173.312|+38.2120|+9.29500
-174.938|+37.7680|+8.03600
-179.440|+36.4770|+4.28800
-180.754|+36.1280|+3.13500
-184.686|+35.0780|-0.49000
-186.007|+34.7260|-1.78700
-190.196|+33.3590|-6.17500
-191.300|+32.9530|-7.39500
-194.527|+31.9360|-11.1310
-195.517|+31.5790|-12.3150
-198.347|+30.6110|-15.8480
-199.214|+30.2530|-16.9970
-201.326|+29.5390|-19.7860
-202.077|+29.2850|-20.7660
-205.133|+28.1110|-25.0320
-205.782|+27.9070|-25.9600
-207.418|+27.1920|-28.3310
-207.880|+26.9880|-29.0130
-208.464|+26.2220|-30.1070
-208.465|+26.1200|-30.1070
-208.454|+25.4570|-30.1140
-208.456|+25.2530|-30.1130
-208.326|+24.0800|-30.0760
-208.301|+23.7740|-29.9690
-208.317|+23.0090|-29.9580
-208.260|+22.9070|-29.8720
-208.234|+22.8050|-29.7660
-208.234|+22.8050|-29.7660
-208.234|+22.8050|-29.7660
-208.177|+22.8050|-29.6800
-208.063|+23.0090|-29.5090
-208.095|+23.1110|-29.4880
-207.908|+23.4680|-29.2420
-207.186|+24.1820|-28.2400
-206.939|+24.3350|-27.9100
-206.075|+24.6910|-26.8820
-205.678|+24.8440|-26.4070
-204.361|+25.3010|-24.8200
-203.915|+25.4030|-24.2550
-201.405|+25.7570|-21.1300
-200.888|+25.8590|-20.4920
-198.892|+26.1630|-18.0150
-198.302|+26.2640|-17.3040
-196.298|+26.6690|-14.9680
-195.602|+26.8710|-14.2120
-190.383|+28.2830|-8.70000
-189.498|+28.5840|-7.84300
-188.608|+28.8860|-6.99200
-184.738|+30.2880|-3.46900
-183.726|+30.6870|-2.60000
-180.029|+32.2280|+0.35000
-178.876|+32.7730|+1.21300
-175.354|+34.2990|+3.72100
-174.161|+34.8880|+4.52900
-169.585|+36.7860|+7.48900
-168.175|+37.4150|+8.33800
-164.594|+38.7530|+10.3720
-163.132|+39.3720|+11.1400
-157.651|+41.4370|+13.7980
-155.952|+42.0390|+14.5540
-150.683|+43.8160|+16.6910
-148.930|+44.4010|+17.3290
-142.065|+46.5150|+19.6070
-140.086|+47.1230|+20.1920
-133.767|+48.8610|+21.9500
-131.602|+49.3990|+22.5170
-123.769|+51.4130|+24.4310
-121.406|+52.0660|+24.9200
-114.216|+53.6960|+26.5690
-111.730|+54.2910|+27.0880
-102.833|+56.2580|+29.0380
-101.609|+56.5280|+29.2600
-93.8860|+58.2130|+30.8730
-91.3230|+58.7560|+31.3660
-82.0120|+60.5610|+33.3900
-79.2820|+60.9920|+34.0320
-76.6320|+61.4220|+34.6050
-71.2080|+62.1210|+35.8440
-68.5090|+62.4790|+36.4660
-58.9800|+63.4830|+38.6610
-56.3080|+63.7350|+39.2900
-48.2350|+64.4100|+41.2780
-45.4730|+64.5470|+41.9000
-36.0770|+64.9920|+44.1390
-33.3100|+65.0760|+44.7960
-25.3200|+65.0510|+46.7160
-22.7020|+64.9810|+47.3650
-13.5450|+64.5080|+49.5210
-10.8810|+64.3680|+50.1560
-2.89800|+63.7600|+51.8820
-0.18200|+63.4450|+52.4670
+7.41000|+62.6760|+54.0510
+9.99700|+62.3110|+54.5410
+17.7550|+61.1950|+56.0710
+20.3980|+60.7860|+56.5140
+29.4970|+59.1570|+58.1020
+32.0150|+58.6450|+58.4750
+39.5690|+57.0640|+59.5910
+42.0470|+56.5940|+59.9120
+49.3310|+54.8550|+60.6500
+51.6380|+54.1610|+60.8060
+59.7470|+51.7200|+61.2930
+61.9980|+50.9140|+61.3950
+68.6420|+48.4530|+61.4160
+70.8070|+47.5760|+61.4120
+78.0810|+44.6210|+60.9990
+80.0270|+43.7650|+60.8310
+85.9490|+41.2230|+60.1330
+87.7910|+40.4020|+59.8880
+93.1940|+37.7670|+59.0200
+94.8200|+36.8810|+58.7190
+100.742|+33.6560|+57.3400
+102.350|+32.7080|+56.9470
+107.174|+30.0490|+55.4780
+108.732|+29.1930|+54.9480
+113.830|+26.1590|+53.0280
+115.251|+25.3480|+52.4320
+119.252|+22.8080|+50.5710
+120.546|+21.9940|+49.9460
+124.784|+19.1450|+47.6490
+125.930|+18.3320|+46.9660
+128.631|+16.4510|+45.2890
+129.662|+15.6890|+44.6160
+132.588|+13.5540|+42.7200
+133.612|+12.8430|+42.0390
+136.732|+10.3020|+39.8820
+137.566|+9.59100|+39.2860
+139.959|+7.71400|+37.5240
+140.694|+7.00400|+36.9670
+143.122|+4.92500|+35.0810
+143.847|+4.31700|+34.5130
+145.587|+2.64600|+33.0800
+146.142|+2.13900|+32.6260
+147.795|+0.46600|+31.2530
+148.250|+0.01200|+30.8380
+149.330|-1.10200|+29.8960
+149.638|-1.40500|+29.6260
+150.534|-2.31200|+28.7820
+150.668|-2.56300|+28.6220
+151.089|-3.01100|+28.1660
+151.155|-3.06000|+28.0840
+151.257|-3.25400|+27.8820
+151.241|-3.30200|+27.8620
+151.014|-3.03500|+27.9010
+150.997|-2.93000|+27.8780
+150.426|-2.40400|+28.1380
+150.328|-2.29900|+28.1770
+149.263|-1.25000|+28.6240
+148.867|-0.83100|+28.7750
+147.513|+0.42300|+29.3370
+146.932|+0.94400|+29.5760
+144.700|+2.76800|+30.4720
+144.021|+3.33900|+30.7400
+141.750|+5.10300|+31.5540
+140.946|+5.72400|+31.8130
+137.704|+7.93900|+32.9580
+136.700|+8.55800|+33.2640
+133.429|+10.6020|+34.3060
+132.320|+11.2650|+34.6150
+128.040|+13.7920|+35.8530
+127.348|+14.1440|+36.0550
+122.655|+16.6920|+37.2710
+121.259|+17.3870|+37.6170
+116.875|+19.5060|+38.6470
+115.360|+20.1920|+38.9410
+109.011|+23.0020|+40.2690
+107.339|+23.7700|+40.6150
+102.127|+26.0060|+41.6040
+100.449|+26.6660|+41.8770
+94.2720|+29.2850|+42.8450
+92.4250|+30.0740|+43.1320
+86.8930|+32.3740|+43.8950
+85.0450|+33.1490|+44.0990
+78.2320|+35.6330|+44.9240
+76.2200|+36.3480|+45.1240
+69.9670|+38.3900|+45.7880
+67.7910|+39.1410|+45.9750
+61.2740|+41.3730|+46.3780
+59.1070|+42.1100|+46.4600
+52.3840|+44.3110|+46.7300
+49.9640|+45.0340|+46.7680
+43.0430|+47.1200|+46.8870
+40.6570|+47.7950|+46.9000
+32.2620|+50.1450|+46.7830
+29.8220|+50.7750|+46.7710
+21.0880|+52.9330|+46.4400
+18.5810|+53.5540|+46.2980
+10.9320|+55.2960|+45.8680
+8.45500|+55.7920|+45.7130
+0.96600|+57.2840|+45.1310
-1.49100|+57.6990|+44.9320
-10.5800|+59.2600|+44.1250
-13.1920|+59.6820|+43.8410
-20.9250|+60.7600|+42.9980
-23.4400|+61.1550|+42.6950
-32.4410|+62.2280|+41.5010
-34.9540|+62.5110|+41.1760
-42.6380|+63.3110|+39.9590
-45.1440|+63.5570|+39.5490
-52.8200|+64.3090|+38.1500
-55.3930|+64.5560|+37.5920
-63.0610|+65.2090|+35.9790
-65.6350|+65.3820|+35.3660
-73.2990|+65.8000|+33.5270
-75.8910|+65.8600|+32.8920
-86.2450|+66.0710|+30.1020
-88.6540|+66.0420|+29.3850
-101.071|+65.7500|+25.6570
-103.498|+65.6000|+24.8540
-116.860|+64.4770|+20.2550
-119.149|+64.1990|+19.4350
-126.022|+63.2680|+16.8590
-128.307|+62.9400|+15.9500
-133.892|+62.0060|+13.7250
-136.024|+61.6280|+12.8510
-143.435|+60.0620|+9.72600
-145.400|+59.5780|+8.86000
-151.356|+58.1300|+6.23500
-153.234|+57.6830|+5.34700
-159.664|+55.9960|+2.32400
-161.440|+55.5370|+1.40200
-166.581|+54.0070|-1.21800
-168.224|+53.5420|-2.04900
-173.627|+51.6660|-4.84300
-175.079|+51.0840|-5.63600
-179.342|+49.3740|-8.02000
-180.701|+48.7820|-8.79900
-184.561|+46.9220|-11.2420
-185.775|+46.3620|-12.0430
-189.714|+44.2260|-14.7630
-190.812|+43.5540|-15.5550
-193.804|+41.7180|-17.8130
-194.716|+41.1350|-18.5120
-197.345|+39.4280|-20.5820
-198.141|+38.9370|-21.2530
-200.754|+37.1160|-23.3720
-201.492|+36.5720|-23.9700
-203.359|+35.1820|-25.5240
-203.989|+34.7340|-26.0810
-205.751|+33.2830|-27.6010
-206.149|+32.8800|-27.9510
-207.226|+31.7200|-28.9570
-207.543|+31.3660|-29.2380
-208.092|+30.4530|-29.7370
-208.099|+30.1480|-29.7320
-208.131|+29.3830|-29.7110
-208.121|+29.1280|-29.7180
-208.045|+28.4130|-29.6450
-207.990|+28.3110|-29.5580
-207.969|+28.0060|-29.4480
-207.914|+27.9040|-29.3620
-207.570|+27.9040|-28.8490
-207.455|+27.9040|-28.6780
-206.847|+28.0060|-27.8490
-206.557|+28.0060|-27.4240
-205.494|+28.4110|-26.1590
-205.077|+28.6130|-25.6980
-203.834|+29.1690|-24.3120
-203.352|+29.3700|-23.7730
-201.589|+30.1760|-21.8840
-201.022|+30.4280|-21.2830
-199.261|+31.2300|-19.5310
-198.668|+31.5300|-18.9530
-196.987|+32.3790|-17.4080
-196.227|+32.7780|-16.7050
-193.568|+34.2650|-14.5200
-192.698|+34.6600|-13.7850
-189.996|+35.9300|-11.7990
-189.042|+36.4170|-11.1440
-185.445|+38.0060|-8.77200
-184.293|+38.4330|-8.04000
-180.763|+39.8930|-6.08000
-179.539|+40.3580|-5.43800
-174.830|+42.1000|-3.16700
-173.425|+42.5940|-2.59400
-168.743|+44.0930|-0.71000
-167.121|+44.6150|-0.12300
-160.876|+46.2880|+1.92700
-159.035|+46.7340|+2.49400
-153.050|+48.0350|+4.27800
-150.986|+48.5010|+4.79800
-143.297|+50.1660|+6.59000
-141.029|+50.5970|+7.03400
-130.134|+52.5340|+9.38000
-127.532|+52.9850|+9.94600
-118.412|+54.5160|+11.8210
-117.189|+54.7170|+12.0530
-113.334|+54.8040|+13.3940
-103.030|+54.6020|+17.5030
-100.206|+55.0170|+18.1550
-90.1270|+56.4660|+20.6740
-87.2400|+56.8570|+21.4030
-82.8580|+57.4310|+22.5220
-79.8700|+57.8010|+23.3590
-69.3090|+58.7920|+26.2730
-66.2760|+58.9740|+27.1140
-57.3300|+59.5990|+29.7730
-54.2370|+59.7790|+30.6800
-43.5590|+60.4850|+33.8540
-40.5340|+60.5810|+34.7770
-31.3970|+60.9610|+37.5490
-28.3220|+61.0430|+38.4540
-19.1870|+61.1350|+41.2540
-16.0540|+61.1370|+42.2760
-6.84800|+61.0560|+45.0970
-3.70400|+61.0340|+46.0750
+6.71300|+60.7780|+49.2510
+9.62100|+60.7240|+50.1670
+18.5860|+60.3670|+52.7010
+21.6010|+60.2240|+53.5460
+31.7940|+59.3920|+56.2410
+34.6460|+59.0980|+56.9910
+43.0400|+58.2270|+59.0000
+45.7790|+57.8110|+59.5960
+55.0840|+56.3630|+61.5090
+57.7020|+55.8690|+61.9630
+63.9320|+54.4630|+62.8820
+66.4790|+53.8390|+63.1740
+74.6480|+51.1560|+63.9940
+77.0150|+50.3420|+64.1190
+83.6950|+47.6880|+64.2430
+85.9560|+46.7900|+64.2040
+93.2430|+43.3970|+63.7500
+95.1640|+42.3600|+63.5530
+100.866|+39.3170|+62.7050
+102.654|+38.2580|+62.3870
+108.782|+34.8560|+61.0120
+110.427|+33.9870|+60.5770
+115.296|+31.2610|+59.0890
+116.802|+30.3820|+58.5790
+121.941|+27.2670|+56.6070
+123.298|+26.4340|+56.0190
+127.123|+23.8760|+54.2260
+128.334|+23.0920|+53.5830
+131.637|+20.7390|+51.7120
+132.619|+20.0600|+51.0950
+135.891|+17.8660|+48.9700
+136.334|+17.5520|+48.6840
+138.873|+15.8810|+46.9810
+139.660|+15.3590|+46.4530
+142.180|+13.6870|+44.7250
+142.871|+13.2700|+44.2420
+144.672|+12.0160|+42.9580
+145.269|+11.5990|+42.5250
+146.964|+10.3460|+41.2740
+147.375|+9.98100|+40.9440
+148.538|+8.99100|+40.0360
+148.859|+8.62600|+39.7620
+149.660|+7.58500|+39.0740
+149.812|+7.32500|+38.9250
+150.084|+6.65300|+38.5830
+150.136|+6.49900|+38.4760
+150.037|+6.04000|+38.3400
+149.930|+5.93800|+38.3720
+149.414|+5.68800|+38.5540
+149.226|+5.69000|+38.6510
+148.503|+6.00800|+39.0840
+148.226|+6.16800|+39.2370
+146.674|+6.91000|+40.1300
+146.295|+7.17500|+40.3200
+144.712|+8.07500|+41.1620
+144.144|+8.44600|+41.4450
+142.049|+9.81800|+42.4560
+141.664|+10.0820|+42.6340
+139.552|+11.4500|+43.6060
+138.784|+11.9230|+43.9570
+133.727|+14.9080|+46.0960
+132.751|+15.3780|+46.4950
+129.789|+17.0430|+47.6130
+128.699|+17.6130|+48.0100
+124.905|+19.5780|+49.3020
+123.715|+20.1440|+49.7130
+120.021|+21.8370|+50.9100
+118.813|+22.4500|+51.2670
+114.111|+24.4330|+52.6790
+112.701|+25.0910|+53.0650
+108.283|+26.9030|+54.2590
+106.873|+27.5040|+54.6140
+102.346|+29.2490|+55.7150
+100.836|+29.8440|+56.0610
+90.4890|+33.6280|+58.2380
+88.8740|+34.2120|+58.5190
+83.7530|+36.0040|+59.3950
+82.0500|+36.5320|+59.6730
+76.6460|+38.2560|+60.4790
+74.8530|+38.8290|+60.7430
+68.4550|+40.7180|+61.4790
+66.5670|+41.2840|+61.6940
+60.8910|+42.9680|+62.1840
+58.9050|+43.4760|+62.3310
+52.1680|+45.4210|+62.7160
+50.1980|+45.9270|+62.8250
+44.1010|+47.4810|+63.0440
+42.0420|+47.9810|+63.0920
+35.8890|+49.3810|+63.1750
+33.8440|+49.8300|+63.1720
+26.4630|+51.4820|+62.9720
+24.3360|+51.9250|+62.8890
+17.7830|+53.3350|+62.4600
+15.4830|+53.7730|+62.3020
+7.75600|+55.2510|+61.5780
+5.66900|+55.5970|+61.3750
+2.26300|+56.1570|+61.0010
-6.85300|+57.4820|+59.8670
-9.19000|+57.7370|+59.5800
-16.2620|+58.5920|+58.5540
-18.5800|+58.8030|+58.2040
-27.8940|+59.5590|+56.6190
-29.0870|+59.6430|+56.3980
-36.1460|+60.0280|+55.1090
-39.7100|+60.2040|+54.4170
-46.8200|+60.4300|+52.9650
-49.2780|+60.4810|+52.4510
-57.5280|+60.5910|+50.5440
-59.8840|+60.6500|+49.9890
-67.0300|+60.6020|+48.2040
-69.4570|+60.5700|+47.5310
-76.5940|+60.3620|+45.6140
-78.9320|+60.2450|+44.9310
-86.1430|+59.9180|+42.8060
-88.5690|+59.7150|+42.0440
-96.8290|+59.0860|+39.3270
-99.0770|+58.8890|+38.5680
-106.085|+58.1650|+36.1010
-108.423|+57.8790|+35.2520
-115.444|+56.8840|+32.6240
-117.688|+56.5500|+31.7400
-125.692|+55.1490|+28.4920
-127.856|+54.7190|+27.5910
-134.585|+53.2340|+24.6280
-136.735|+52.7520|+23.6450
-144.141|+50.8320|+20.0890
-146.260|+50.2440|+18.9980
-152.224|+48.4220|+15.9370
-154.171|+47.7780|+14.8930
-159.796|+45.7770|+11.7380
-161.723|+45.0750|+10.6230
-167.885|+42.5630|+6.87600
-169.592|+41.8460|+5.76800
-174.371|+39.6790|+2.61500
-175.898|+38.9520|+1.57800
-183.058|+35.2850|-3.47500
-184.397|+34.5450|-4.45400
-187.697|+32.7110|-6.96800
-188.344|+32.3620|-7.48600
-192.066|+30.2130|-10.4910
-193.263|+29.5090|-11.4940
-196.599|+27.4400|-14.3410
-197.686|+26.7810|-15.3180
-199.712|+25.4590|-17.1370
-200.638|+24.7450|-17.9870
-204.192|+22.0810|-21.5260
-204.923|+21.4130|-22.2750
-207.103|+19.4560|-24.6670
-207.756|+18.7860|-25.4760
-209.723|+16.5180|-28.0270
-210.138|+15.7960|-28.6230
-210.145|+14.0530|-28.9920
-210.109|+13.3850|-29.0160
-210.107|+11.7440|-29.2660
-210.036|+11.0790|-29.3130
-209.553|+8.73200|-29.2610
-209.486|+8.27400|-29.3050
-209.156|+7.06000|-29.4000
-209.010|+6.81100|-29.3730
-208.942|+6.46100|-29.5420
-208.870|+6.26200|-29.5900
-208.635|+5.61400|-29.7470
-208.529|+5.56700|-29.6930
-208.258|+5.58600|-29.7500
-208.052|+5.59400|-29.6400
-207.438|+5.57200|-29.4320
-207.218|+5.63200|-29.3330
-206.217|+5.87400|-28.7720
-205.859|+6.14000|-28.5190
-204.613|+6.74200|-27.7610
-204.117|+6.81000|-27.4840
-202.260|+7.48000|-26.4200
-201.674|+7.75100|-26.0870
-199.647|+8.36800|-24.9190
-198.953|+8.54000|-24.5480
-196.121|+9.22500|-23.0030
-195.242|+9.44900|-22.5320
-192.335|+10.1780|-21.0980
-191.326|+10.4540|-20.6190
-187.251|+11.4000|-18.7850
-186.019|+11.6770|-18.2600
-182.031|+12.7950|-16.5940
-180.574|+13.1680|-16.0380
-176.095|+14.3700|-14.4060
-174.610|+14.8300|-13.9220
-168.951|+16.6360|-12.2350
-168.144|+16.9320|-12.0810
-162.954|+18.8650|-10.7970
-161.117|+19.5310|-10.3790
-154.613|+21.9490|-8.95600
-152.720|+22.5880|-8.55800
-146.720|+24.7780|-7.31700
-144.671|+25.5680|-6.92000
-137.323|+28.2250|-5.54000
-135.162|+28.9800|-5.12900
-128.631|+31.0730|-3.86200
-126.365|+31.7990|-3.43200
-118.290|+34.2470|-1.82000
-115.942|+34.9020|-1.37200
-108.828|+36.8000|+0.09000
-106.400|+37.3950|+0.56700
-98.2960|+38.9460|+2.93500
-95.8350|+39.4560|+3.52300
-88.4940|+41.0130|+5.15500
-87.2950|+41.2670|+5.44400
-78.7800|+42.9540|+7.36100
-76.3360|+43.3780|+7.89600
-68.7060|+44.5420|+9.61600
-66.2390|+44.8970|+10.1820
-58.7170|+45.9720|+11.8610
-56.2080|+46.3400|+12.4520
-46.0280|+47.4840|+14.7250
-43.6080|+47.7140|+15.2860
-35.9570|+48.4270|+16.9970
-33.3840|+48.6780|+17.6000
-18.0190|+49.8460|+20.7800
-15.3990|+50.0090|+21.3320
-5.04600|+50.5730|+23.3650
-2.37200|+50.6800|+23.8910
+7.75500|+51.1150|+25.9700
+10.1830|+51.2430|+26.4710
+58.0250|+50.0150|+34.9920
+76.8480|+46.8190|+36.9640
+93.8750|+42.4520|+37.6180
+108.343|+37.6990|+36.9310
+134.421|+24.7560|+31.8460
+142.213|+19.2660|+28.5820
+144.958|+16.7270|+27.0850
+145.537|+16.1300|+26.6890
+147.947|+13.1540|+24.7340
+148.316|+12.6090|+24.3940
+149.298|+10.6820|+23.3760
+149.566|+10.0900|+23.0700
+150.044|+8.56500|+22.3860
+150.127|+8.07600|+22.1680
+150.223|+6.66900|+21.4860
+150.138|+6.33100|+21.3790
+149.809|+5.28100|+20.9620
+149.616|+4.94800|+20.8790
+148.933|+4.05700|+20.6530
+148.665|+3.82500|+20.6330
+147.765|+3.33100|+20.6050
+147.383|+3.25300|+20.5960
+146.033|+2.97900|+20.6220
+145.448|+2.86000|+20.6670
+143.299|+2.91900|+20.7540
+142.613|+2.99900|+20.8170
+140.273|+3.16200|+20.9310
+139.446|+3.25100|+20.9520
+136.244|+3.73800|+21.1350
+135.292|+3.88100|+21.1230
+132.707|+4.33000|+21.2700
+131.647|+4.57200|+21.2450
+128.318|+5.28000|+21.4050
+127.115|+5.56400|+21.4710
+122.806|+6.61600|+21.7260
+121.522|+6.89500|+21.7900
+117.530|+7.86200|+22.0350
+116.186|+8.27200|+22.1280
+111.408|+9.68500|+22.4970
+110.080|+10.1290|+22.5590
+105.952|+11.4400|+22.9600
+104.497|+11.8730|+23.1100
+99.4820|+13.5150|+23.7620
+98.0100|+14.0220|+24.0070
+93.6560|+15.5730|+24.5920
+92.1830|+16.0710|+24.7810
+87.8090|+17.8530|+25.3630
+86.2720|+18.4710|+25.5650
+81.0930|+20.6140|+26.0700
+79.5700|+21.1770|+26.2360
+74.8320|+22.8960|+26.6770
+73.2200|+23.4920|+26.7820
+67.3020|+25.6010|+27.2280
+65.5360|+26.2690|+27.3100
+61.1510|+27.8020|+27.4990
+59.3120|+28.4590|+27.5380
+52.7880|+30.6530|+27.5830
+50.8740|+31.2530|+27.5170
+45.0330|+33.0400|+27.3640
+43.0580|+33.6270|+27.2280
+36.0230|+35.7250|+26.7600
+33.9960|+36.2960|+26.5320
+27.8200|+38.0800|+25.8640
+25.6680|+38.6800|+25.5930
+18.2260|+40.5310|+24.6360
+16.1210|+41.0440|+24.3260
+9.86100|+42.5730|+23.3210
+7.79300|+43.0820|+22.9850
+0.54700|+44.8460|+21.6220
-1.48100|+45.3110|+21.2190
-7.90600|+46.7530|+20.0420
-10.0580|+47.1430|+19.6200
-16.3940|+48.3990|+18.3500
-18.4450|+48.8370|+17.9440
-25.7600|+50.3300|+16.3520
-27.8590|+50.7310|+15.8690
-36.2160|+52.3660|+13.9180
-38.3750|+52.7450|+13.4150
-43.6370|+53.6970|+12.1050
-45.7920|+54.0120|+11.5980
-53.1920|+55.2440|+9.70000
-55.3310|+55.5280|+9.11800
-61.7810|+56.5000|+7.41500
-63.9200|+56.8000|+6.79800
-71.3830|+57.7420|+4.58800
-73.4580|+57.9810|+3.96400
-79.4920|+58.6830|+2.14300
-81.3560|+58.8920|+1.55900
-88.1660|+59.5780|-0.63300
-90.1010|+59.7580|-1.31300
-95.6700|+60.2010|-3.21800
-97.4960|+60.3180|-3.83100
-102.847|+60.6520|-5.81400
-104.549|+60.7360|-6.38700
-109.669|+61.0980|-8.30800
-111.359|+61.1810|-8.95500
-117.010|+61.4380|-11.1360
-118.555|+61.5200|-11.7650
-123.160|+61.6980|-13.6300
-124.692|+61.7790|-14.3220
-129.805|+61.8770|-16.4930
-131.269|+61.8750|-17.1870
-135.331|+61.8650|-19.0790
-136.641|+61.8130|-19.7350
-140.509|+61.7000|-21.6980
-141.727|+61.5980|-22.3610
-145.333|+61.2500|-24.3230
-146.373|+61.1320|-24.9540
-150.078|+60.6080|-27.1360
-151.058|+60.4030|-27.7290
-155.820|+59.3440|-30.8830
-156.677|+59.1240|-31.4950
-157.959|+58.7920|-32.4240
-160.418|+58.1610|-34.2770
-161.175|+57.9750|-34.8780
-164.353|+57.1400|-37.5170
-165.043|+56.9520|-38.0730
-166.811|+56.4020|-39.6570
-167.286|+56.1920|-40.1670
-168.354|+55.8300|-41.2060
-168.772|+55.6200|-41.6520
-170.016|+54.9790|-43.1060
-170.345|+54.8070|-43.5110
-171.213|+54.1470|-44.7060
-171.413|+53.9180|-45.0960
-171.944|+53.0880|-46.3160
-172.008|+52.8980|-46.5890
-172.110|+52.1400|-47.4710
-172.078|+51.8560|-47.7050
-171.716|+50.9820|-48.3790
-171.567|+50.7770|-48.5880
-171.003|+50.1250|-48.9820
-170.748|+49.9130|-49.1600
-169.674|+49.2620|-49.4940
-169.286|+49.0900|-49.5580
-168.069|+48.6660|-49.5860
-167.549|+48.5330|-49.5390
-165.694|+48.1540|-49.3120
-165.113|+48.1040|-49.2140
-163.165|+47.9450|-48.7730
-162.476|+47.8860|-48.6610
-160.100|+47.7890|-47.9560
-159.276|+47.7660|-47.7530
-155.969|+47.8460|-46.7900
-154.925|+47.8910|-46.4720
-152.166|+47.9690|-45.6780
-150.415|+48.0340|-45.2410
-145.937|+48.2560|-44.0170
-145.289|+48.2860|-43.8460
-140.284|+48.4970|-42.5220
-138.762|+48.6160|-42.1260
-134.062|+48.8280|-41.0580
-132.398|+48.9690|-40.6560
-126.358|+49.2510|-39.3640
-124.502|+49.4090|-38.9380
-118.786|+49.7160|-37.6530
-116.769|+49.8600|-37.1880
-110.754|+50.1810|-35.8280
-108.766|+50.2940|-35.3430
-96.9640|+50.9500|-32.5540
-94.7520|+51.0570|-32.0100
-83.8790|+51.1320|-28.1270
-81.5350|+51.2980|-27.4830
-42.7180|+53.3140|-16.7620
-28.3950|+53.9770|-12.4020
-20.6310|+54.3110|-9.96500
+20.3960|+55.3900|+6.12900
+30.9750|+55.0040|+10.9590
+36.9610|+54.6560|+13.7460
+38.9600|+54.5670|+14.6960
+44.5850|+54.2850|+17.3610
+46.5020|+54.1730|+18.2320
+52.7600|+53.7440|+21.2580
+54.4970|+53.6420|+22.0340
+59.5100|+53.1630|+24.4720
+61.1370|+52.9580|+25.2150
+66.6560|+52.2150|+27.7050
+68.2540|+51.9470|+28.4150
+72.6710|+51.2470|+30.2700
+74.0290|+50.9480|+30.9280
+78.7220|+49.7390|+32.8450
+79.9850|+49.3620|+33.3800
+83.6960|+48.2410|+34.8940
+84.8650|+47.8370|+35.3490
+88.7540|+46.3070|+36.7980
+89.3260|+46.0690|+36.9600
+92.4140|+44.6610|+37.9980
+93.3700|+44.1640|+38.3070
+96.7970|+42.3020|+39.2590
+97.6470|+41.7850|+39.5170
+100.358|+40.1660|+40.1420
+101.086|+39.6780|+40.3350
+103.779|+37.8310|+40.8300
+104.582|+37.2840|+40.9330
+106.563|+35.6680|+41.2210
+107.243|+35.1570|+41.2760
+109.311|+33.2300|+41.4740
+109.880|+32.7100|+41.5110
+111.473|+31.1400|+41.6040
+111.930|+30.6140|+41.6300
+113.337|+29.1220|+41.5590
+113.694|+28.6400|+41.6000
+114.841|+27.1850|+41.4470
+115.161|+26.7480|+41.4160
+116.246|+25.0420|+41.1400
+116.529|+24.5540|+41.0410
+117.144|+23.2340|+40.7280
+117.304|+22.7950|+40.6100
+117.854|+21.1350|+40.1810
+117.999|+20.6470|+40.0380
+118.154|+19.4790|+39.7120
+118.201|+19.1380|+39.5960
+118.157|+17.9290|+39.1210
+118.179|+17.5920|+38.9610
+117.853|+16.6810|+38.5870
+117.765|+16.4430|+38.4320
+117.139|+15.3520|+37.9260
+117.089|+15.2590|+37.8360
+116.298|+14.6580|+37.4270
+115.977|+14.4770|+37.2540
+114.746|+14.1380|+36.6450
+114.329|+14.1030|+36.4930
+112.808|+14.0100|+35.9330
+112.255|+13.9810|+35.7240
+110.028|+14.1920|+35.0300
+109.354|+14.3080|+34.7810
+107.118|+14.9390|+34.0040
+106.336|+15.1490|+33.7300
+103.178|+16.2510|+32.7180
+102.192|+16.5960|+32.4200
+99.1430|+17.7570|+31.4840
+98.0640|+18.1390|+31.1600
+94.6680|+19.3630|+30.1980
+93.4980|+19.7810|+29.8390
+89.7980|+21.3270|+28.6720
+88.5280|+21.9080|+28.2370
+83.8270|+23.8810|+26.7280
+82.4210|+24.3970|+26.3190
+78.0430|+26.0850|+24.9920
+76.5860|+26.6240|+24.5770
+71.1120|+28.8230|+23.0750
+69.5210|+29.4200|+22.6330
+64.5620|+31.3800|+21.2910
+62.8520|+32.0750|+20.8470
+56.8280|+34.5800|+19.3350
+55.0100|+35.2830|+18.8690
+51.4410|+36.7570|+18.0030
+49.6800|+37.4860|+17.5710
+42.1960|+40.4800|+15.7270
+40.2740|+41.1780|+15.3020
+34.4080|+43.3740|+13.8130
+32.3810|+44.1190|+13.3040
+26.3370|+46.2930|+11.8180
+24.2270|+47.0180|+11.2960
+16.9310|+49.4790|+9.36300
+14.8250|+50.1540|+8.84000
+11.5480|+51.1760|+8.02700
+9.40600|+51.8360|+7.43400
+3.07900|+53.7230|+5.77600
+0.99900|+54.3190|+5.24000
-6.56700|+56.2770|+3.29700
-8.80200|+56.8440|+2.75100
-15.3030|+58.4220|+1.12900
-17.4310|+58.9000|+0.61200
-24.9830|+60.5060|-1.28700
-27.1490|+60.9700|-1.81600
-33.5630|+62.1200|-3.34300
-35.7210|+62.5070|-3.84500
-42.1220|+63.5240|-5.35100
-44.2880|+63.8370|-5.82800
-53.9080|+65.1280|-8.06300
-56.0910|+65.3690|-8.56300
-62.5410|+66.1370|-10.0450
-64.7750|+66.3500|-10.5020
-72.2110|+66.9830|-12.1330
-74.3560|+67.0770|-12.5670
-80.6630|+67.4660|-13.8280
-81.6970|+67.5450|-14.0190
-88.0170|+67.7720|-15.2690
-90.2070|+67.8010|-15.7020
-100.420|+67.7910|-17.7230
-102.419|+67.7540|-18.0960
-106.422|+67.5380|-18.7890
-108.373|+67.4170|-19.1850
-114.254|+67.0070|-20.2490
-116.160|+66.8580|-20.5620
-121.862|+66.2790|-21.5590
-123.799|+66.0820|-21.9410
-129.477|+65.4770|-23.0340
-131.341|+65.2760|-23.3600
-141.495|+63.6980|-25.2150
-143.352|+63.3920|-25.5840
-152.111|+61.5210|-27.2140
-153.790|+61.0930|-27.5280
-162.363|+58.6230|-29.3300
-164.105|+58.0370|-29.6990
-172.275|+54.9160|-31.5580
-173.849|+54.2320|-31.9320
-178.465|+52.1390|-32.9930
-179.882|+51.3740|-33.3110
-184.908|+48.7140|-34.5840
-186.305|+47.8760|-34.8520
-190.286|+45.4900|-35.7540
-191.597|+44.7100|-36.1240
-193.393|+43.4770|-36.5210
-197.712|+40.2430|-37.2370
-198.340|+39.5120|-36.9380
-199.859|+37.4280|-35.8140
-200.448|+36.5840|-35.4230
-202.408|+33.3300|-34.3630
-202.831|+32.3590|-33.9620
-204.101|+29.7180|-32.8800
-204.492|+28.8780|-32.6200
-205.424|+26.7920|-31.7580
-205.771|+26.3940|-31.5270
-206.879|+24.6850|-30.9130
-207.128|+24.0270|-30.7480
-208.268|+20.0520|-29.9900
-208.340|+19.4900|-29.9430
-208.418|+18.0580|-29.7670
-208.446|+17.8530|-29.7490
-208.318|+14.7910|-29.7100
-208.314|+14.1270|-29.7130
-208.080|+12.3960|-29.6220
-207.969|+11.7860|-29.5720
-207.751|+10.7710|-29.4700
-207.623|+10.2130|-29.4320
-207.028|+9.15800|-29.0900
-206.760|+8.80800|-28.8990
-204.819|+7.32600|-27.3720
-204.379|+6.93100|-27.0550
-203.358|+6.34800|-26.2720
-202.880|+6.10500|-25.8600
-201.230|+5.34100|-24.6590
-200.621|+5.10500|-24.2190
-198.731|+4.35700|-22.9590
-198.087|+4.22700|-22.5530
-195.471|+3.81100|-20.8530
-194.648|+3.73900|-20.3400
-191.617|+3.65000|-18.6250
-190.730|+3.63500|-18.1780
-187.920|+3.94600|-16.8540
-186.891|+4.03800|-16.4110
-183.256|+4.39300|-15.0620
-182.170|+4.49000|-14.6920
-178.753|+4.88600|-13.6330
-177.530|+5.03800|-13.2800
-173.783|+5.64100|-12.3460
-172.587|+5.84200|-12.1330
-169.326|+6.56100|-11.5010
-167.948|+6.85800|-11.2300
-162.472|+8.11800|-10.2260
-161.111|+8.40400|-9.99500
-156.050|+9.60400|-9.05500
-154.543|+9.97500|-8.76600
-150.107|+11.1130|-7.89300
-149.358|+11.3160|-7.77000
-143.995|+12.6200|-6.60600
-142.436|+13.0110|-6.22200
-137.750|+14.3430|-5.17000
-136.184|+14.8100|-4.85500
-130.702|+16.5870|-3.60100
-129.123|+17.0800|-3.23400
-124.371|+18.7510|-2.10400
-122.779|+19.3560|-1.67400
-117.034|+21.4050|-0.24300
-115.454|+22.0350|+0.13300
-111.228|+23.7000|+1.19300
-109.522|+24.3590|+1.62400
-103.410|+26.7560|+2.92200
-101.679|+27.4380|+3.22800
-95.3260|+29.8120|+4.44400
-93.4690|+30.5150|+4.76100
-87.7310|+32.7220|+5.77600
-85.9070|+33.4110|+6.06400
-79.1230|+35.8740|+7.15900
-77.1700|+36.5870|+7.43800
-70.9690|+38.7410|+8.30500
-68.8300|+39.4430|+8.63700
-61.4080|+41.7440|+9.62400
-59.2990|+42.3620|+9.90600
-52.8620|+44.2500|+10.7410
-50.6290|+44.8670|+11.0290
-44.1310|+46.6130|+11.8770
-41.9190|+47.1550|+12.1330
-34.0370|+49.0970|+13.0790
-31.7630|+49.6450|+13.2920
-24.9010|+51.0930|+14.0250
-22.6460|+51.5120|+14.2940
-14.4390|+52.8550|+15.1110
-12.1040|+53.1360|+15.3530
-4.92800|+53.9180|+15.9890
-2.50400|+54.1690|+16.1530
+4.56600|+54.7680|+16.6800
+5.78700|+54.8250|+16.7540
+15.3820|+55.2900|+17.3390
+17.8590|+55.2340|+17.4780
+24.0170|+55.0940|+17.8220
+27.7210|+54.9450|+18.0730
+34.9760|+54.3410|+18.5090
+37.3840|+54.0700|+18.5920
+44.5510|+53.1200|+18.9180
+46.8640|+52.7380|+19.0320
+53.7980|+51.4230|+19.3000
+56.0700|+50.8670|+19.3330
+63.8180|+48.7610|+19.6130
+65.9900|+48.1120|+19.6380
+72.2820|+46.0650|+19.7980
+74.3490|+45.3190|+19.8420
+81.0860|+42.7330|+19.9230
+82.9560|+41.9190|+19.9850
+88.3810|+39.5580|+19.9930
+90.0750|+38.7990|+19.9670
+93.4400|+37.1420|+19.9900
+95.0620|+36.3660|+19.9420
+102.004|+32.6610|+19.8270
+103.458|+31.8980|+19.7330
+107.468|+29.4960|+19.6330
+108.768|+28.7150|+19.5670
+112.962|+25.9470|+19.4400
+114.011|+25.1920|+19.4300
+117.210|+22.8580|+19.2660
+118.144|+22.1780|+19.2130
+121.251|+19.8030|+18.9810
+122.088|+19.1580|+18.9200
+124.405|+17.2100|+18.7530
+125.128|+16.5580|+18.6700
+127.428|+14.4930|+18.4300
+127.979|+13.9730|+18.4110
+129.698|+12.2180|+18.2740
+130.136|+11.6950|+18.2480
+131.297|+10.4540|+18.1110
+131.538|+10.1650|+18.1270
+132.406|+9.11000|+18.0530
+132.614|+8.82300|+18.0200
+132.846|+8.34500|+18.0220
+132.948|+8.15500|+18.0030
+132.955|+7.92000|+18.0120
+132.937|+7.87500|+17.9870
+132.919|+7.83000|+17.9620
+132.825|+7.78500|+17.9920
+132.716|+7.78900|+18.0010
+132.352|+7.98300|+18.1390
+132.156|+8.12900|+18.1880
+131.946|+8.32300|+18.2150
+131.538|+8.66200|+18.2900
+131.251|+8.85500|+18.3710
+130.420|+9.57900|+18.4920
+130.103|+9.86800|+18.5280
+129.192|+10.5890|+18.6930
+128.859|+10.9240|+18.7040
+127.094|+12.4040|+18.9300
+126.637|+12.8790|+18.9190
+125.046|+14.2500|+19.0480
+124.495|+14.7680|+19.0540
+123.850|+15.3310|+19.0860
+122.311|+16.7330|+19.0940
+121.664|+17.2900|+19.1110
+119.096|+19.4120|+19.1820
+118.336|+20.0530|+19.1750
+116.300|+21.6900|+19.1800
+115.428|+22.4120|+19.1480
+112.603|+24.6930|+19.0170
+111.618|+25.4900|+18.9440
+107.937|+28.3340|+18.6650
+106.762|+29.1980|+18.5760
+103.080|+31.7560|+18.3180
+101.811|+32.6390|+18.1880
+97.0560|+35.7020|+17.7630
+95.5430|+36.5970|+17.6520
+90.9820|+39.3190|+17.1370
+89.3840|+40.2240|+16.9530
+84.5280|+42.9710|+16.3050
+82.8510|+43.8800|+16.0360
+76.7370|+46.9240|+15.2010
+74.9470|+47.7560|+14.9300
+69.3960|+50.3230|+14.0770
+67.4180|+51.1630|+13.8200
+60.4280|+53.9620|+12.8010
+58.3530|+54.7290|+12.5100
+52.1250|+57.0240|+11.5100
+50.0190|+57.7560|+11.1220
+38.0710|+61.4790|+9.08600
+35.7850|+62.0710|+8.69800
+29.0290|+63.8690|+7.44000
+26.8140|+64.3800|+7.01300
+18.7960|+66.1530|+5.43900
+16.4380|+66.6130|+4.94000
+3.71500|+68.7680|+2.10900
+1.39800|+69.1030|+1.58900
-5.74200|+69.9770|-0.18800
-8.13900|+70.2550|-0.74900
-16.4450|+70.9850|-2.94800
-18.8470|+71.1650|-3.60300
-25.9260|+71.5850|-5.52400
-28.2910|+71.6950|-6.17100
-35.5180|+71.8650|-8.27400
-37.9150|+71.9300|-8.97900
-46.2350|+71.8130|-11.4730
-48.7270|+71.7230|-12.2920
-55.9100|+71.3680|-14.5610
-58.3670|+71.2360|-15.2950
-66.8620|+70.5270|-18.0620
-69.2830|+70.2600|-18.7910
-76.3020|+69.4060|-21.0020
-78.6040|+69.0430|-21.7610
-86.8540|+67.7030|-24.3660
-89.2040|+67.2580|-25.1700
-96.1070|+65.7990|-27.3560
-97.2340|+65.5540|-27.6990
-104.992|+63.5680|-30.1530
-107.213|+62.9580|-30.9010
-113.763|+61.0440|-32.9080
-115.863|+60.3520|-33.5910
-123.245|+57.8640|-35.9530
-125.301|+57.1220|-36.5980
-131.261|+54.8100|-38.4830
-133.192|+54.0310|-39.1480
-139.622|+51.1080|-41.1340
-141.406|+50.2560|-41.7260
-146.678|+47.6540|-43.4890
-148.330|+46.8440|-44.0690
-154.029|+43.7340|-46.0460
-155.585|+42.8500|-46.5740
-159.270|+40.6420|-47.7570
-160.731|+39.7710|-48.2040
-165.499|+36.7570|-49.6580
-170.546|+33.2480|-51.0650
-171.730|+32.3510|-51.3920
-175.393|+29.4590|-51.9340
-176.013|+28.7030|-51.6270
-177.788|+26.2760|-50.3450
-178.364|+25.5430|-49.9620
-180.269|+22.5200|-48.8050
-180.745|+21.7210|-48.3820
-182.209|+19.1630|-47.3020
-182.586|+18.4830|-47.0520
-183.902|+16.5960|-45.9590
-184.372|+16.1740|-45.7560
-185.465|+14.9930|-45.0290
-185.850|+14.6110|-44.7730
-186.819|+13.5070|-44.0180
-187.097|+13.1250|-43.8330
-187.732|+12.2510|-43.0760
-187.912|+12.0520|-42.8440
-188.085|+11.4270|-42.2810
-188.016|+11.2360|-41.9910
-187.372|+11.0450|-40.8520
-187.267|+11.0450|-40.6980
-186.404|+11.0040|-39.5950
-186.060|+10.9590|-39.1530
-184.609|+10.7430|-37.5550
-184.181|+10.6540|-37.0610
-182.762|+10.3460|-35.5620
-182.249|+10.2130|-35.0180
-180.207|+9.63800|-32.9520
-179.603|+9.46100|-32.3620
-177.489|+8.80500|-30.4860
-177.489|+8.80500|-30.4860
-177.489|+8.80500|-30.4860
-177.489|+8.80500|-30.4860
-177.489|+8.80500|-30.4860
-177.489|+8.80500|-30.4860
-177.489|+8.80500|-30.4860
-177.489|+8.80500|-30.4860
-177.489|+8.80500|-30.4860
-168.498|+6.36900|-23.3550
-159.676|+4.41500|-17.6090
-158.617|+4.31000|-16.9970
-154.703|+4.06300|-14.7850
-153.548|+4.00700|-14.1670
-149.876|+3.89600|-12.3070
-148.691|+3.88900|-11.7460
-144.129|+3.98700|-9.63800
-142.739|+4.03400|-9.07500
-138.523|+4.38900|-7.36800
-137.128|+4.52300|-6.85200
-132.542|+5.02500|-5.31300
-131.034|+5.24800|-4.84500
-126.196|+5.97100|-3.51200
-124.577|+6.28200|-3.10700
-118.557|+7.46000|-1.87900
-116.742|+7.89600|-1.54200
-111.273|+9.15200|-0.69900
-109.331|+9.62600|-0.49700
-102.543|+11.3690|+0.22900
-100.559|+11.8660|+0.38800
-94.3890|+13.7320|+0.76700
-92.3510|+14.3680|+0.85600
-84.8790|+16.8810|+1.15600
-82.7230|+17.6450|+1.18000
-76.2270|+20.0790|+1.29400
-74.0700|+20.9250|+1.32300
-70.7050|+22.1800|+1.36200
-68.3380|+23.0440|+1.35300
-61.4080|+25.6270|+1.42900
-59.1360|+26.5710|+1.45300
-51.0140|+30.1160|+1.64400
-48.5930|+31.1390|+1.67400
-41.4560|+34.3630|+1.86000
-39.0440|+35.4440|+1.97600
-30.5600|+39.4740|+2.27700
-28.1260|+40.6590|+2.41000
-20.7230|+44.2240|+2.81500
-18.2450|+45.4590|+2.98300
-9.26900|+49.7710|+3.54900
-6.65700|+51.0850|+3.79600
+1.28000|+55.0370|+4.56800
+3.91600|+56.3260|+4.78500
+11.9640|+60.1370|+5.59900
+14.7210|+61.3560|+5.87000
+24.4710|+65.7720|+7.10700
+27.1920|+67.0460|+7.54700
+34.0220|+70.2380|+8.57900
+36.7520|+71.4630|+8.97300
+46.2650|+75.7180|+10.6820
+48.9330|+76.8380|+11.2180
+57.9050|+80.2520|+13.1610
+60.4250|+81.1740|+13.7910
+67.6970|+83.6260|+15.7350
+70.0080|+84.2320|+16.3700
+77.5260|+85.6590|+18.3810
+79.4940|+85.8800|+18.9760
+85.4700|+86.0940|+20.4090
+87.3570|+86.0310|+20.8370
+94.0280|+84.9860|+21.9600
+95.8200|+84.5780|+22.2210
+100.193|+83.2590|+22.6270
+101.871|+82.6540|+22.7580
+107.607|+80.3460|+22.7830
+109.232|+79.6300|+22.7180
+113.752|+77.6280|+22.3460
+115.253|+76.9170|+22.1820
+120.145|+74.2750|+21.3500
+121.567|+73.5620|+21.0010
+125.541|+71.2900|+19.9570
+126.848|+70.5550|+19.5650
+131.103|+67.9840|+17.9970
+132.232|+67.2090|+17.4830
+135.502|+64.9200|+15.9150
+136.446|+64.1830|+15.4500
+139.668|+61.2350|+13.6200
+140.563|+60.3420|+13.0800
+142.937|+57.7120|+11.6700
+143.635|+56.8100|+11.1810
+145.687|+54.0680|+9.80600
+146.369|+53.1660|+9.29500
+148.254|+50.1290|+7.86100
+148.682|+49.2720|+7.48700
+149.812|+46.8470|+6.47700
+150.288|+45.6110|+6.01500
+151.010|+43.1320|+5.11300
+151.174|+42.4180|+4.86900
+151.310|+40.7420|+4.30800
+151.280|+40.2140|+4.13000
+150.883|+38.4750|+3.53500
+150.714|+38.1850|+3.48500
+149.330|+37.2410|+3.46900
+149.007|+37.2310|+3.52500
+147.343|+37.5530|+3.88200
+146.853|+37.6790|+4.02600
+145.172|+38.3730|+4.48500
+144.581|+38.7250|+4.64700
+142.559|+39.6830|+5.25200
+141.878|+39.9840|+5.44100
+139.121|+41.4160|+6.27300
+138.340|+41.8470|+6.46900
+135.640|+43.2590|+7.17300
+134.576|+43.8120|+7.43400
+132.051|+45.1190|+8.01000
+130.982|+45.6640|+8.24300
+126.908|+47.6940|+9.07300
+125.668|+48.2670|+9.34000
+121.181|+50.4530|+10.0600
+119.823|+51.0920|+10.2640
+114.877|+53.3770|+10.9040
+113.328|+54.0750|+11.0760
+108.610|+56.1400|+11.5330
+106.989|+56.8180|+11.6800
+101.062|+59.1490|+12.1990
+99.2780|+59.8390|+12.3080
+93.6590|+61.8390|+12.7000
+91.7540|+62.4710|+12.8340
+84.9050|+64.6720|+13.1680
+82.9400|+65.2780|+13.2290
+77.9880|+66.7360|+13.3460
+75.9640|+67.3220|+13.3520
+68.7990|+69.2040|+13.4060
+66.6660|+69.7350|+13.3920
+60.1250|+71.2040|+13.3870
+57.8970|+71.6550|+13.3940
+50.2210|+73.1270|+13.2910
+47.9610|+73.5300|+13.2320
+41.2710|+74.6070|+13.0590
+38.9770|+74.9690|+12.9440
+30.9560|+76.0360|+12.6240
+28.6520|+76.3530|+12.5500
+21.5570|+77.0960|+12.1930
+19.2130|+77.3050|+12.0730
+12.0080|+77.8740|+11.6400
+9.62300|+78.0280|+11.4950
+2.50600|+78.4590|+10.9170
+0.07400|+78.5600|+10.7410
-8.51200|+78.8600|+9.95800
-10.9980|+78.9100|+9.72500
-18.3690|+79.0320|+8.99600
-20.8470|+79.0320|+8.72200
-29.3590|+79.0310|+7.63600
-31.7610|+78.9810|+7.31600
-39.1120|+78.7810|+6.22400
-41.5820|+78.7060|+5.80100
-48.8190|+78.3530|+4.61400
-51.3140|+78.2000|+4.19100
-60.9550|+77.3350|+2.36900
-63.4690|+77.1260|+1.85800
-75.7780|+75.6280|-0.81300
-78.1460|+75.3010|-1.28100
-81.7310|+74.6820|-2.06800
-89.9660|+73.1670|-3.99600
-92.3020|+72.6400|-4.56000
-101.452|+70.3700|-6.84600
-103.637|+69.6820|-7.36400
-111.204|+67.2370|-9.45500
-113.339|+66.4910|-10.0340
-116.487|+65.2410|-10.8940
-118.486|+64.4800|-11.4550
-124.457|+61.8790|-13.1840
-126.415|+60.9760|-13.7610
-132.992|+57.9140|-15.7100
-134.806|+56.9770|-16.3000
-140.115|+54.2280|-17.9550
-141.804|+53.3100|-18.5060
-147.664|+49.9670|-20.4410
-149.316|+49.0240|-20.9840
-153.843|+46.1370|-22.5160
-155.305|+45.1590|-23.0580
-160.157|+41.7750|-24.8160
-161.554|+40.8150|-25.3500
-165.413|+37.9300|-26.9540
-166.647|+36.9000|-27.4330
-170.750|+33.5110|-29.1830
-171.816|+32.4990|-29.6030
-174.412|+30.1050|-30.6770
-175.399|+29.1660|-31.0650
-178.616|+25.9130|-32.4150
-179.419|+25.0470|-32.7330
-181.715|+22.5640|-33.5640
-182.414|+21.7300|-33.7420
-184.648|+18.8800|-34.3090
-185.274|+18.1250|-34.4350
-186.857|+15.9880|-34.6890
-187.297|+15.3670|-34.7240
-188.722|+13.2010|-34.7580
-189.055|+12.6680|-34.7560
-189.838|+11.1610|-34.5530
-190.015|+10.7220|-34.4280
-190.482|+9.39900|-33.9820
-190.560|+9.05500|-33.8100
-190.603|+8.36500|-33.3090
-190.584|+8.26600|-33.2040
-190.227|+7.77600|-32.3970
-190.077|+7.72700|-32.1500
-189.454|+7.63100|-31.2950
-189.228|+7.63100|-30.9830
-188.266|+7.78000|-29.7820
-187.962|+7.82900|-29.4090
-186.858|+8.17500|-28.1940
-186.480|+8.36800|-27.7580
-184.885|+9.05800|-26.1980
-184.365|+9.35300|-25.7520
-182.693|+10.1870|-24.2620
-182.088|+10.5290|-23.7660
-180.139|+11.5540|-22.1460
-179.525|+11.8940|-21.6620
-177.008|+13.2540|-19.7920
-176.243|+13.6410|-19.1950
-173.892|+14.9410|-17.5900
-172.994|+15.4680|-16.9920
-170.403|+16.8540|-15.3810
-169.492|+17.3760|-14.8080
-166.133|+19.2650|-12.9290
-165.122|+19.7350|-12.3400
-162.051|+21.3210|-10.7660
-157.115|+23.6710|-8.23200
-155.989|+24.1730|-7.67100
-152.286|+25.8940|-5.96500
-151.058|+26.5240|-5.40500
-146.361|+28.7930|-3.53900
-145.027|+29.4550|-2.99900
-140.898|+31.5500|-1.58000
-139.420|+32.2400|-1.11000
-135.839|+33.9520|+0.01200
-134.346|+34.7160|+0.42200
-128.944|+37.3090|+1.81100
-127.279|+38.0940|+2.22100
-122.388|+40.4560|+3.20100
-120.622|+41.2600|+3.55100
-114.445|+44.0620|+4.54300
-112.666|+44.7210|+4.93500
-107.107|+46.9370|+5.79200
-105.245|+47.7260|+5.96000
-98.2420|+50.4140|+6.65400
-96.1510|+51.2060|+6.78900
-89.8040|+53.5120|+7.18900
-87.6010|+54.2380|+7.31300
-79.9730|+56.7030|+7.49900
-77.7210|+57.3950|+7.51300
-70.5890|+59.3920|+7.56800
-68.1660|+60.0220|+7.57000
-59.6010|+62.1070|+7.42900
-58.3870|+62.3770|+7.40600
-50.7990|+64.0090|+7.20500
-48.2120|+64.5430|+7.14800
-39.0910|+66.1300|+6.80600
-36.3660|+66.5590|+6.74900
-28.2070|+67.6710|+6.48600
-25.4660|+68.0330|+6.35900
-15.5310|+69.0720|+6.05400
-12.6380|+69.2970|+5.98000
-3.79500|+69.9310|+5.77200
-0.85900|+70.0980|+5.72500
+8.01700|+70.4950|+5.60100
+10.8830|+70.5620|+5.55200
+21.6160|+70.7910|+5.40100
+24.5980|+70.8230|+5.41100
+33.6390|+70.6900|+5.43200
+36.6190|+70.5430|+5.45300
+46.9490|+69.9710|+5.62700
+49.8160|+69.7500|+5.68000
+56.9040|+69.0800|+5.81000
+59.7990|+68.7300|+5.88900
+69.1900|+67.2840|+6.15500
+71.7210|+66.7490|+6.22100
+79.1680|+65.0180|+6.49200
+81.5470|+64.3390|+6.55100
+89.7030|+61.8150|+6.63500
+91.9760|+61.0130|+6.61600
+98.3020|+58.5800|+6.59300
+100.378|+57.7390|+6.56200
+110.768|+52.7960|+6.06800
+112.496|+51.8760|+5.92500
+117.513|+49.1100|+5.42700
+119.074|+48.1990|+5.26300
+122.189|+46.3430|+4.72200
+122.864|+45.9390|+4.61900
+139.998|+34.2200|-0.97700
+143.620|+31.1120|-3.64900
+142.949|+30.6100|-7.11500
+139.026|+33.5090|-7.58800
+111.506|+50.1490|-7.90300
+103.819|+53.5180|-7.80700
+98.8530|+55.5530|-7.77700
+97.2050|+56.1910|-7.80400
+91.0990|+58.4570|-7.77600
+89.2700|+59.0620|-7.78600
+83.7050|+60.8370|-7.67700
+81.7980|+61.4290|-7.64700
+74.9580|+63.3870|-7.58100
+67.0560|+65.4390|-7.58400
+64.9670|+65.9950|-7.59100
+58.7420|+67.4120|-7.59600
+56.5730|+67.8510|-7.61100
+48.9250|+69.3670|-7.71900
+46.6980|+69.7820|-7.71200
+42.2000|+70.6010|-7.77700
+39.9310|+71.0050|-7.85100
+29.6450|+72.6040|-8.15200
+27.3250|+72.9710|-8.20800
+20.2940|+73.9520|-8.44900
+17.8800|+74.2240|-8.55800
+10.6430|+75.0900|-8.81400
+8.26700|+75.3640|-8.94000
+0.06500|+76.1670|-9.34700
-2.35300|+76.3620|-9.42900
-9.72400|+76.8610|-9.83300
-12.1380|+77.0180|-9.96300
-19.3760|+77.3390|-10.4800
-21.7300|+77.4580|-10.6480
-31.3780|+77.6640|-11.4440
-33.7520|+77.6790|-11.6710
-39.7420|+77.5740|-12.1760
-42.0160|+77.5490|-12.3980
-50.3040|+77.2280|-13.0930
-52.6410|+77.0710|-13.3070
-59.5910|+76.5910|-13.9950
-61.9780|+76.3820|-14.2590
-69.9010|+75.6080|-15.1490
-72.0310|+75.3410|-15.3400
-78.5400|+74.4220|-16.0670
-80.7810|+74.0450|-16.3550
-87.2400|+72.9750|-17.1960
-89.4330|+72.5740|-17.4370
-96.7140|+71.0820|-18.5240
-98.7370|+70.6530|-18.7880
-104.917|+69.2280|-19.7420
-106.898|+68.6990|-20.0640
-112.821|+67.1640|-21.1080
-114.713|+66.5780|-21.4110
-120.327|+64.9770|-22.4340
-122.160|+64.3630|-22.7900
-128.466|+62.3730|-24.0500
-130.283|+61.7410|-24.4090
-135.404|+59.8970|-25.5050
-137.049|+59.2210|-25.8960
-141.855|+57.2940|-26.9590
-143.365|+56.6730|-27.3220
-148.450|+54.2810|-28.5530
-149.862|+53.5960|-28.8420
-153.845|+51.5120|-29.9020
-155.109|+50.8320|-30.2580
-159.393|+48.4490|-31.5310
-160.557|+47.7850|-31.9030
-163.811|+45.7590|-32.9220
-164.856|+45.0720|-33.3080
-168.209|+42.8740|-34.4470
-169.096|+42.2990|-34.7610
-171.504|+40.5050|-35.5860
-172.276|+39.9140|-35.8930
-174.328|+38.2590|-36.5820
-174.928|+37.7450|-36.8050
-176.750|+36.0580|-37.4720
-177.209|+35.5800|-37.5820
-178.268|+34.3060|-37.9300
-178.567|+33.9080|-38.0490
-179.282|+32.6600|-38.3170
-179.393|+32.3920|-38.3480
-179.493|+31.7160|-38.3880
-179.473|+31.5790|-38.4030
-179.332|+31.2130|-38.3920
-179.209|+31.0750|-38.3690
-178.678|+30.8380|-38.1930
-178.447|+30.8780|-38.1360
-177.486|+31.2630|-37.8290
-177.118|+31.4360|-37.6500
-175.810|+32.0340|-37.2700
-175.284|+32.2900|-37.1000
-173.567|+33.1820|-36.5950
-172.930|+33.5200|-36.4050
-170.805|+34.5170|-35.9030
-170.007|+34.8430|-35.7360
-166.950|+36.2230|-35.1130
-165.980|+36.6220|-34.8790
-162.896|+37.9590|-34.4660
-161.782|+38.3830|-34.2630
-157.468|+40.0420|-33.7450
-156.202|+40.5650|-33.6000
-152.035|+42.1240|-33.2180
-150.650|+42.6190|-33.1130
-146.112|+44.2520|-32.7810
-144.633|+44.7580|-32.7070
-138.832|+46.7040|-32.3420
-137.118|+47.2470|-32.2410
-131.712|+48.9330|-31.8930
-129.907|+49.4830|-31.7550
-122.980|+51.6100|-31.2370
-121.078|+52.2350|-31.1020
-115.042|+54.1060|-30.6980
-112.978|+54.6880|-30.5390
-106.668|+56.5280|-30.0820
-104.545|+57.1520|-29.9150
-97.0800|+59.2820|-29.2720
-94.8520|+59.8750|-29.0740
-88.2230|+61.5210|-28.5440
-86.0050|+62.0930|-28.3880
-73.4410|+64.8320|-27.3800
-71.1890|+65.2610|-27.2000
-59.5860|+67.3530|-26.4800
-57.2580|+67.7480|-26.3310
-48.7900|+68.9730|-25.8060
-46.4880|+69.2920|-25.6720
-39.2440|+70.1340|-25.2670
-36.8190|+70.4070|-25.1440
-29.5860|+71.1120|-24.7080
-27.0900|+71.2850|-24.6060
-18.6550|+71.8350|-24.2090
-16.2000|+71.9990|-24.1100
-8.92500|+72.2100|-23.8320
-6.48700|+72.2690|-23.7220
+1.90600|+72.2380|-23.4850
+4.17300|+72.2080|-23.4280
+11.1770|+72.0530|-23.2760
+13.4670|+71.9750|-23.2090
+20.3790|+71.6460|-23.1030
+22.5860|+71.4730|-23.0420
+30.2500|+70.6980|-22.9990
+32.4490|+70.4240|-22.9570
+38.9020|+69.4820|-23.0040
+41.0260|+69.1180|-22.9970
+48.3040|+67.6180|-23.1460
+49.4170|+67.3350|-23.1940
+55.5470|+65.7590|-23.4050
+57.4670|+65.1970|-23.4110
+63.3140|+63.1990|-23.6400
+65.2090|+62.4850|-23.7040
+71.8920|+59.8530|-24.0390
+73.7530|+59.0420|-24.1870
+79.1520|+56.5830|-24.5960
+80.8850|+55.7600|-24.6810
+86.8600|+52.5630|-25.1560
+88.5740|+51.6070|-25.2660
+93.3760|+48.7440|-25.6340
+94.9500|+47.7820|-25.8020
+99.5120|+44.7560|-26.1610
+100.988|+43.8010|-26.3020
+105.821|+40.3350|-26.7780
+107.153|+39.3040|-26.9460
+111.006|+36.2450|-27.3590
+112.183|+35.2910|-27.5400
+116.174|+31.8530|-28.0590
+117.248|+30.9100|-28.1760
+121.662|+26.8140|-28.8300
+122.528|+26.0270|-28.9980
+124.191|+24.3670|-29.1980
+124.992|+23.6450|-29.3380
+127.163|+21.4600|-29.7010
+127.817|+20.7640|-29.7910
+129.529|+18.9340|-30.1170
+130.014|+18.3860|-30.1710
+131.523|+16.8090|-30.5100
+131.873|+16.4530|-30.5980
+132.623|+15.5820|-30.8370
+132.866|+15.3820|-30.9250
+133.296|+14.9080|-31.1590
+133.350|+14.8300|-31.2160
+133.244|+14.8360|-31.3250
+133.219|+14.8770|-31.3500
+132.961|+15.2020|-31.5030
+132.803|+15.3640|-31.5530
+132.121|+16.0900|-31.8070
+131.856|+16.3310|-31.8570
+130.924|+17.2450|-31.9260
+130.551|+17.5630|-31.9790
+129.455|+18.6260|-32.1180
+128.999|+19.0550|-32.1500
+127.382|+20.4520|-32.2970
+126.897|+20.9140|-32.3670
+125.354|+22.2490|-32.5720
+124.784|+22.7400|-32.6310
+122.797|+24.3490|-32.9040
+122.224|+24.8310|-32.9780
+120.335|+26.3330|-33.1820
+119.703|+26.8780|-33.2230
+117.723|+28.4570|-33.4590
+117.005|+29.0260|-33.5000
+114.654|+30.8880|-33.6570
+113.934|+31.4430|-33.7200
+112.211|+32.8200|-33.8600
+111.098|+33.6380|-33.8510
+108.445|+35.6930|-33.9400
+108.080|+35.9950|-33.9410
+105.646|+37.8070|-34.0520
+104.832|+38.4280|-34.0680
+102.226|+40.2610|-34.1370
+101.328|+40.8970|-34.1740
+97.9990|+43.0480|-34.2770
+97.0200|+43.6910|-34.3480
+93.9770|+45.5910|-34.5390
+92.8980|+46.2020|-34.6780
+88.9310|+48.4300|-34.9570
+87.6890|+49.0790|-35.0450
+87.6890|+49.0790|-35.0450
+87.6890|+49.0790|-35.0450
+87.6890|+49.0790|-35.0450
+87.6890|+49.0790|-35.0450
+87.6890|+49.0790|-35.0450
+87.6890|+49.0790|-35.0450
+87.6890|+49.0790|-35.0450
+87.6890|+49.0790|-35.0450
+87.6890|+49.0790|-35.0450
+87.6890|+49.0790|-35.0450
+87.6890|+49.0790|-35.0450
+87.6890|+49.0790|-35.0450
+87.6890|+49.0790|-35.0450
+87.6890|+49.0790|-35.0450
+87.6890|+49.0790|-35.0450
+87.6890|+49.0790|-35.0450
+87.6890|+49.0790|-35.0450
+87.6890|+49.0790|-35.0450
+87.6890|+49.0790|-35.0450
+87.6890|+49.0790|-35.0450
+87.6890|+49.0790|-35.0450
+87.6890|+49.0790|-35.0450
+87.6890|+49.0790|-35.0450
+87.6890|+49.0790|-35.0450
+87.6890|+49.0790|-35.0450
+87.6890|+49.0790|-35.0450
+87.6890|+49.0790|-35.0450
+87.6890|+49.0790|-35.0450
+87.6890|+49.0790|-35.0450
+87.6890|+49.0790|-35.0450
+87.6890|+49.0790|-35.0450
+87.6890|+49.0790|-35.0450
+87.6890|+49.0790|-35.0450
+87.6890|+49.0790|-35.0450
+87.6890|+49.0790|-35.0450
+87.6890|+49.0790|-35.0450
+87.6890|+49.0790|-35.0450
+87.6890|+49.0790|-35.0450
+87.6890|+49.0790|-35.0450
+87.6890|+49.0790|-35.0450
+87.6890|+49.0790|-35.0450
+87.6890|+49.0790|-35.0450
+87.6890|+49.0790|-35.0450
+87.6890|+49.0790|-35.0450
+87.6890|+49.0790|-35.0450
+87.6890|+49.0790|-35.0450
+87.6890|+49.0790|-35.0450
+87.6890|+49.0790|-35.0450
+87.6890|+49.0790|-35.0450
+87.6890|+49.0790|-35.0450
+87.6890|+49.0790|-35.0450
+87.6890|+49.0790|-35.0450
+87.6890|+49.0790|-35.0450
+87.6890|+49.0790|-35.0450
+87.6890|+49.0790|-35.0450
+87.6890|+49.0790|-35.0450
+87.6890|+49.0790|-35.0450
+87.6890|+49.0790|-35.0450
+87.6890|+49.0790|-35.0450
+87.6890|+49.0790|-35.0450
