-2.68100|-106.262|-61.4870
-2.42200|-106.360|-61.2680
-2.42500|-106.381|-61.1610
-2.38300|-106.402|-61.0530
-2.34300|-106.445|-60.8390
-2.34300|-106.445|-60.8390
-2.34500|-106.455|-60.7860
-2.34500|-106.455|-60.7860
-2.34500|-106.455|-60.7860
-2.34500|-106.455|-60.7860
-2.34500|-106.455|-60.7860
-2.34500|-106.455|-60.7860
-2.34500|-106.455|-60.7860
-2.34500|-106.455|-60.7860
-2.34500|-106.455|-60.7860
-2.34500|-106.455|-60.7860
-2.34500|-106.455|-60.7860
-2.34500|-106.455|-60.7860
-2.34500|-106.455|-60.7860
-2.34500|-106.455|-60.7860
-2.34500|-106.455|-60.7860
-2.34500|-106.455|-60.7860
-2.34500|-106.455|-60.7860
-2.30000|-106.455|-60.7850
-2.30000|-106.455|-60.7850
-2.30000|-106.455|-60.7850
-2.30000|-106.455|-60.7850
-2.30000|-106.455|-60.7850
-2.30000|-106.455|-60.7850
-2.30000|-106.455|-60.7850
-2.30000|-106.455|-60.7850
-2.30000|-106.455|-60.7850
-2.30000|-106.455|-60.7850
-2.30000|-106.455|-60.7850
-2.30000|-106.455|-60.7850
-2.30000|-106.455|-60.7850
-2.30100|-106.466|-60.7320
-2.30100|-106.466|-60.7320
-2.30100|-106.466|-60.7320
-2.30100|-106.466|-60.7320
-2.30100|-106.466|-60.7320
-2.30100|-106.466|-60.7320
-2.34600|-106.466|-60.7330
-2.34600|-106.466|-60.7330
-2.34600|-106.466|-60.7330
-2.34600|-106.466|-60.7330
-2.34600|-106.466|-60.7330
-2.34600|-106.466|-60.7330
-2.34600|-106.466|-60.7330
-2.34600|-106.466|-60.7330
-2.34600|-106.466|-60.7330
-2.34600|-106.466|-60.7330
-2.34700|-106.476|-60.6790
-2.34700|-106.476|-60.6790
-2.34700|-106.476|-60.6790
-2.34700|-106.476|-60.6790
-2.34700|-106.476|-60.6790
-2.34700|-106.476|-60.6790
-2.34700|-106.476|-60.6790
-2.34700|-106.476|-60.6790
-2.34700|-106.476|-60.6790
-2.34700|-106.476|-60.6790
-2.34700|-106.476|-60.6790
-2.34700|-106.476|-60.6790
-2.34700|-106.476|-60.6790
-2.34700|-106.476|-60.6790
-2.34700|-106.476|-60.6790
-2.34700|-106.476|-60.6790
-2.34700|-106.476|-60.6790
-2.34700|-106.476|-60.6790
-2.34700|-106.476|-60.6790
-2.34700|-106.476|-60.6790
-2.34700|-106.476|-60.6790
-2.34700|-106.476|-60.6790
-2.34700|-106.476|-60.6790
-2.34700|-106.476|-60.6790
-2.34700|-106.476|-60.6790
-2.34700|-106.476|-60.6790
-2.34700|-106.476|-60.6790
-2.34700|-106.476|-60.6790
-2.34700|-106.476|-60.6790
-2.34700|-106.476|-60.6790
-2.34700|-106.476|-60.6790
-2.34700|-106.476|-60.6790
-2.34700|-106.476|-60.6790
-2.34800|-106.487|-60.6260
-2.34800|-106.487|-60.6260
-2.34800|-106.487|-60.6260
-2.34800|-106.487|-60.6260
-2.34800|-106.487|-60.6260
-2.34800|-106.487|-60.6260
-2.34900|-106.497|-60.5730
-2.34900|-106.497|-60.5730
-2.34900|-106.497|-60.5730
-2.35000|-106.507|-60.5190
-2.35000|-106.507|-60.5190
-2.35000|-106.507|-60.5190
-2.35000|-106.507|-60.5190
-2.35200|-106.518|-60.4660
-2.35200|-106.518|-60.4660
-2.39600|-106.518|-60.4670
-2.39700|-106.528|-60.4140
-2.39700|-106.528|-60.4140
-2.39700|-106.528|-60.4140
-2.39700|-106.528|-60.4140
-2.39800|-106.538|-60.3600
-2.44300|-106.538|-60.3610
-2.44300|-106.538|-60.3610
-2.44400|-106.549|-60.3080
-2.44400|-106.549|-60.3080
-2.44400|-106.549|-60.3080
-2.44400|-106.549|-60.3080
-2.44500|-106.559|-60.2550
-2.44500|-106.559|-60.2550
-2.44500|-106.559|-60.2550
-2.44500|-106.559|-60.2550
-2.44500|-106.559|-60.2550
-2.44500|-106.559|-60.2550
-2.49000|-106.559|-60.2560
-2.49000|-106.559|-60.2560
-2.49000|-106.559|-60.2560
-2.53400|-106.559|-60.2570
-2.57800|-106.559|-60.2580
-2.58000|-106.569|-60.2050
-2.62400|-106.569|-60.2060
-2.66900|-106.569|-60.2070
-2.71300|-106.569|-60.2080
-2.71300|-106.569|-60.2080
-2.75800|-106.569|-60.2090
-2.80200|-106.569|-60.2100
-2.84700|-106.569|-60.2110
-2.84700|-106.569|-60.2110
-2.84700|-106.569|-60.2110
-2.84700|-106.569|-60.2110
-2.89100|-106.569|-60.2120
-2.89100|-106.569|-60.2120
-2.89100|-106.569|-60.2120
-2.89100|-106.569|-60.2120
-2.89100|-106.569|-60.2120
-2.89100|-106.569|-60.2120
-2.89100|-106.569|-60.2120
-2.89100|-106.569|-60.2120
-2.89100|-106.569|-60.2120
-2.89100|-106.569|-60.2120
-2.89100|-106.569|-60.2120
-2.89100|-106.569|-60.2120
-2.89200|-106.580|-60.1590
-2.89200|-106.580|-60.1590
-2.89200|-106.580|-60.1590
-2.93700|-106.580|-60.1600
-2.93800|-106.590|-60.1070
-2.93800|-106.590|-60.1070
-2.93800|-106.590|-60.1070
-2.93800|-106.590|-60.1070
-2.98300|-106.590|-60.1080
-2.98300|-106.590|-60.1080
-3.02900|-106.600|-60.0560
-3.07300|-106.600|-60.0570
-3.16200|-106.600|-60.0600
-3.20700|-106.600|-60.0610
-3.29800|-106.610|-60.0100
-3.29800|-106.610|-60.0100
-3.38700|-106.610|-60.0130
-3.38700|-106.610|-60.0130
-3.43100|-106.610|-60.0150
-3.47600|-106.610|-60.0160
-3.52000|-106.610|-60.0170
-3.52200|-106.620|-59.9640
-3.61100|-106.620|-59.9670
-3.65600|-106.620|-59.9690
-3.83400|-106.620|-59.9750
-3.87900|-106.620|-59.9760
-4.01200|-106.620|-59.9810
-4.05700|-106.620|-59.9830
-4.10100|-106.620|-59.9850
-4.14600|-106.620|-59.9860
-4.28000|-106.620|-59.9910
-4.32400|-106.620|-59.9930
-4.50200|-106.620|-60.0000
-4.54900|-106.630|-59.9490
-4.68300|-106.630|-59.9550
-4.72800|-106.630|-59.9570
-4.81900|-106.641|-59.9070
-4.90800|-106.641|-59.9110
-5.04200|-106.641|-59.9170
-5.13100|-106.641|-59.9210
-5.26500|-106.641|-59.9280
-5.26500|-106.641|-59.9280
-5.26800|-106.651|-59.8750
-5.26800|-106.651|-59.8750
-5.26800|-106.651|-59.8750
-5.36200|-106.671|-59.7720
-5.40700|-106.671|-59.7740
-5.54100|-106.671|-59.7810
-5.58500|-106.671|-59.7840
-5.72200|-106.681|-59.7370
-5.76700|-106.681|-59.7400
-5.90100|-106.681|-59.7470
-5.94500|-106.681|-59.7490
-6.17500|-106.701|-59.6550
-6.21900|-106.701|-59.6580
-6.39800|-106.701|-59.6680
-6.39800|-106.701|-59.6680
-6.48700|-106.701|-59.6730
-6.49100|-106.711|-59.6200
-6.58000|-106.711|-59.6250
-6.62500|-106.711|-59.6280
-6.89600|-106.721|-59.5910
-6.94100|-106.721|-59.5940
-7.07900|-106.731|-59.5490
-7.07900|-106.731|-59.5490
-7.12300|-106.731|-59.5520
-7.12300|-106.731|-59.5520
-7.21600|-106.740|-59.5050
-7.30600|-106.740|-59.5110
-7.53300|-106.750|-59.4730
-7.57800|-106.750|-59.4760
-7.71200|-106.750|-59.4850
-7.76100|-106.760|-59.4350
-7.89500|-106.760|-59.4450
-7.94400|-106.770|-59.3950
-8.07800|-106.770|-59.4050
-8.12300|-106.770|-59.4080
-8.21300|-106.770|-59.4150
-8.21300|-106.770|-59.4150
-8.26200|-106.780|-59.3650
-8.30600|-106.780|-59.3680
-8.44100|-106.780|-59.3790
-8.53100|-106.780|-59.3860
-8.80400|-106.790|-59.3540
-8.84800|-106.790|-59.3570
-9.07700|-106.799|-59.3230
-9.16700|-106.799|-59.3300
-9.39100|-106.799|-59.3490
-9.48000|-106.799|-59.3570
-9.70400|-106.799|-59.3770
-9.79900|-106.809|-59.3310
-10.0730|-106.819|-59.3030
-10.2070|-106.819|-59.3150
-10.4810|-106.829|-59.2870
-10.5710|-106.829|-59.2960
-10.7560|-106.838|-59.2600
-10.8510|-106.848|-59.2160
-11.1250|-106.858|-59.1900
-11.1700|-106.858|-59.1950
-11.5400|-106.877|-59.1260
-11.6300|-106.877|-59.1350
-11.9050|-106.886|-59.1110
-11.9950|-106.886|-59.1210
-12.3610|-106.896|-59.1080
-12.4560|-106.905|-59.0650
-12.8160|-106.905|-59.1060
-12.9570|-106.915|-59.0690
-13.3290|-106.934|-59.0060
-13.4640|-106.934|-59.0230
-13.8690|-106.934|-59.0730
-14.0030|-106.934|-59.0900
-14.4150|-106.943|-59.0900
-14.5050|-106.943|-59.1020
-14.8640|-106.943|-59.1500
-14.9540|-106.943|-59.1620
-15.3650|-106.953|-59.1650
-15.4620|-106.962|-59.1250
-15.7770|-106.962|-59.1700
-15.8740|-106.971|-59.1300
-16.1880|-106.971|-59.1760
-16.2860|-106.981|-59.1370
-16.4660|-106.981|-59.1640
-16.5560|-106.981|-59.1770
-16.8780|-106.990|-59.1720
-17.0130|-106.990|-59.1930
-17.2370|-106.990|-59.2280
-17.3270|-106.990|-59.2430
-17.6490|-106.999|-59.2400
-17.7390|-106.999|-59.2550
-18.0530|-106.999|-59.3060
-18.1960|-107.009|-59.2760
-18.5100|-107.009|-59.3290
-18.6540|-107.018|-59.2990
-19.2010|-107.027|-59.3390
-19.3000|-107.037|-59.3020
-19.5240|-107.037|-59.3420
-19.6140|-107.037|-59.3580
-19.7930|-107.037|-59.3910
-19.8470|-107.046|-59.3460
-19.9910|-107.055|-59.3180
-20.0360|-107.055|-59.3260
-20.3150|-107.064|-59.3240
-20.4050|-107.064|-59.3400
-20.5840|-107.064|-59.3740
-20.6390|-107.073|-59.3300
-20.8630|-107.073|-59.3730
-20.9520|-107.073|-59.3900
-21.2310|-107.082|-59.3890
-21.3310|-107.091|-59.3540
-21.7000|-107.100|-59.3720
-21.8000|-107.109|-59.3380
-22.1140|-107.109|-59.4010
-22.2140|-107.119|-59.3670
-22.5830|-107.128|-59.3880
-22.6840|-107.136|-59.3540
-23.0530|-107.145|-59.3770
-23.1430|-107.145|-59.3960
-23.5570|-107.154|-59.4300
-23.6580|-107.163|-59.3970
-24.0400|-107.181|-59.3700
-24.1290|-107.181|-59.3900
-24.4990|-107.190|-59.4180
-24.6010|-107.199|-59.3860
-24.9260|-107.208|-59.4050
-25.0160|-107.208|-59.4250
-25.2970|-107.216|-59.4350
-25.3860|-107.216|-59.4560
-25.6800|-107.234|-59.4150
-25.7810|-107.243|-59.3840
-26.0180|-107.251|-59.3850
-26.1070|-107.251|-59.4060
-26.4210|-107.251|-59.4820
-26.4780|-107.260|-59.4400
-26.8170|-107.277|-59.4130
-26.9070|-107.277|-59.4350
-27.1890|-107.286|-59.4500
-27.2780|-107.286|-59.4720
-27.6050|-107.294|-59.4990
-27.6940|-107.294|-59.5220
-28.1680|-107.312|-59.5330
-28.2710|-107.320|-59.5040
-28.5980|-107.329|-59.5340
-28.7320|-107.329|-59.5690
-28.9700|-107.337|-59.5770
-29.0730|-107.346|-59.5490
-29.4000|-107.354|-59.5810
-29.4450|-107.354|-59.5930
-29.6380|-107.362|-59.5900
-29.6820|-107.362|-59.6020
-29.7860|-107.371|-59.5750
-29.8000|-107.379|-59.5230
-29.9630|-107.396|-59.4560
-30.0080|-107.341|-59.4690
-30.2010|-107.350|-59.4670
-30.2910|-107.350|-59.4920
-30.4250|-107.350|-59.5290
-30.4840|-107.358|-59.4900
-30.6330|-107.366|-59.4760
-30.6920|-107.374|-59.4370
-30.9760|-107.383|-59.4610
-31.0200|-107.383|-59.4740
-31.1990|-107.383|-59.5250
-31.2590|-107.391|-59.4860
-31.3190|-107.399|-59.4470
-31.3630|-107.399|-59.4600
-31.5270|-107.415|-59.3960
-31.6170|-107.415|-59.4220
-31.8560|-107.423|-59.4360
-31.9460|-107.423|-59.4620
-32.2000|-107.440|-59.4250
-32.2890|-107.440|-59.4510
-32.4840|-107.448|-59.4530
-32.5730|-107.448|-59.4800
-32.9940|-107.480|-59.3820
-33.0380|-107.480|-59.3950
-33.3390|-107.495|-59.3740
-33.4440|-107.503|-59.3500
-33.6230|-107.503|-59.4050
-33.6840|-107.511|-59.3680
-33.7740|-107.511|-59.3960
-33.8340|-107.519|-59.3580
-33.8950|-107.527|-59.3210
-33.9560|-107.535|-59.2830
-34.1230|-107.550|-59.2230
-34.1830|-107.558|-59.1850
-34.4240|-107.566|-59.2050
-34.5140|-107.566|-59.2330
-34.7420|-107.589|-59.1360
-34.8480|-107.596|-59.1130
-35.1670|-107.619|-59.0460
-35.2730|-107.627|-59.0240
-35.5600|-107.634|-59.0600
-35.6660|-107.642|-59.0380
-35.9410|-107.664|-58.9580
-35.9860|-107.664|-58.9730
-36.2000|-107.679|-58.9300
-36.2790|-107.693|-58.8430
-36.4590|-107.693|-58.9030
-36.5210|-107.701|-58.8670
-36.6900|-107.715|-58.8100
-36.7520|-107.723|-58.7740
-36.9330|-107.723|-58.8340
-36.9950|-107.730|-58.7980
-37.2100|-107.744|-58.7570
-37.3170|-107.751|-58.7370
-37.5150|-107.758|-58.7480
-37.5600|-107.758|-58.7630
-37.6850|-107.773|-58.6920
-37.7480|-107.780|-58.6570
-37.9180|-107.794|-58.6010
-37.9630|-107.794|-58.6170
-38.1160|-107.801|-58.6130
-38.1610|-107.801|-58.6290
-38.4220|-107.815|-58.6060
-38.4680|-107.815|-58.6220
-38.6660|-107.822|-58.6340
-38.7110|-107.822|-58.6500
-38.9730|-107.836|-58.6280
-39.0180|-107.836|-58.6440
-39.2160|-107.842|-58.6580
-39.3060|-107.842|-58.6900
-39.4600|-107.849|-58.6880
-39.5230|-107.856|-58.6540
-39.7400|-107.870|-58.6170
-39.7850|-107.870|-58.6340
-40.0030|-107.883|-58.5980
-40.0480|-107.883|-58.6140
-40.2280|-107.883|-58.6800
-40.2730|-107.883|-58.6970
-40.3370|-107.890|-58.6630
-40.3370|-107.890|-58.6630
-40.4460|-107.897|-58.6460
-40.4650|-107.903|-58.5950
-40.6640|-107.910|-58.6110
-40.7090|-107.910|-58.6280
-40.8440|-107.910|-58.6780
-40.8890|-107.910|-58.6950
-40.9980|-107.917|-58.6780
-41.0620|-107.923|-58.6440
-41.3070|-107.875|-58.6790
-41.3520|-107.875|-58.6960
-41.5700|-107.889|-58.6630
-41.6350|-107.895|-58.6300
-41.8340|-107.902|-58.6480
-41.8990|-107.908|-58.6150
-42.1240|-107.908|-58.7010
-42.2340|-107.915|-58.6860
-42.4140|-107.915|-58.7550
-42.4590|-107.915|-58.7730
-42.5880|-107.927|-58.7070
-42.6330|-107.927|-58.7250
-42.7880|-107.934|-58.7270
-42.8330|-107.934|-58.7450
-42.9880|-107.940|-58.7470
-43.0330|-107.940|-58.7650
-43.1880|-107.947|-58.7680
-43.2780|-107.947|-58.8040
-43.4530|-107.959|-58.7570
-43.5430|-107.959|-58.7920
-43.6980|-107.965|-58.7960
-43.7630|-107.972|-58.7640
-43.9640|-107.978|-58.7860
-44.0290|-107.984|-58.7540
-44.1840|-107.990|-58.7580
-44.2290|-107.990|-58.7770
-44.4300|-107.997|-58.7990
-44.4950|-108.003|-58.7680
-44.6960|-108.009|-58.7910
-44.7410|-108.009|-58.8090
-44.8310|-108.009|-58.8460
-44.8760|-108.009|-58.8650
-44.9410|-108.015|-58.8330
-44.9620|-108.021|-58.7830
-45.0720|-108.027|-58.7700
-45.1180|-108.027|-58.7890
-45.3180|-108.033|-58.8130
-45.3630|-108.033|-58.8320
-45.4740|-108.039|-58.8190
-45.5400|-108.045|-58.7880
-45.7410|-108.051|-58.8130
-45.7410|-108.051|-58.8130
-45.8970|-108.057|-58.8200
-45.9180|-108.063|-58.7700
-46.0530|-108.063|-58.8270
-46.0530|-108.063|-58.8270
-46.2090|-108.069|-58.8340
-46.2540|-108.069|-58.8530
-46.4310|-108.081|-58.8110
-46.4760|-108.081|-58.8300
-46.6110|-108.081|-58.8870
-46.6560|-108.081|-58.9070
-46.7010|-108.081|-58.9260
-46.7220|-108.087|-58.8760
-46.8100|-108.098|-58.7960
-46.8100|-108.098|-58.7960
-46.8550|-108.098|-58.8150
-46.9000|-108.098|-58.8340
-47.0110|-108.104|-58.8230
-47.0560|-108.104|-58.8430
-47.2130|-108.110|-58.8510
-47.2580|-108.110|-58.8710
-47.4590|-108.115|-58.8990
-47.5710|-108.121|-58.8880
-47.7060|-108.121|-58.9470
-47.7720|-108.127|-58.9170
-48.0190|-108.132|-58.9660
-48.0640|-108.132|-58.9860
-48.1540|-108.132|-59.0260
-48.1540|-108.132|-59.0260
-48.2210|-108.138|-58.9960
-48.2210|-108.138|-58.9960
-48.2210|-108.138|-58.9960
-48.2430|-108.144|-58.9470
-48.3090|-108.149|-58.9170
-48.3540|-108.149|-58.9370
-48.6000|-108.166|-58.8680
-48.6450|-108.166|-58.8880
-48.8250|-108.166|-58.9680
-48.8700|-108.166|-58.9890
-48.9600|-108.166|-59.0290
-48.9600|-108.166|-59.0290
-49.0490|-108.177|-58.9500
-49.1160|-108.183|-58.9210
-49.2510|-108.193|-58.8630
-49.2960|-108.193|-58.8830
-49.4980|-108.199|-58.9150
-49.5430|-108.199|-58.9360
-49.8120|-108.210|-58.9390
-49.8800|-108.215|-58.9100
-50.0820|-108.220|-58.9430
-50.1500|-108.226|-58.9150
-50.3980|-108.241|-58.8500
-50.4430|-108.241|-58.8710
-50.5780|-108.241|-58.9330
-50.6230|-108.241|-58.9540
-50.8030|-108.252|-58.9180
-50.8710|-108.257|-58.8900
-50.9610|-108.257|-58.9320
-51.0290|-108.262|-58.9040
-51.1190|-108.262|-58.9460
-51.1190|-108.262|-58.9460
-51.1420|-108.267|-58.8970
-51.1650|-108.272|-58.8480
-51.1650|-108.272|-58.8480
-51.1870|-108.277|-58.7990
-51.2330|-108.277|-58.8200
-51.2780|-108.277|-58.8410
-51.3460|-108.282|-58.8130
-51.3910|-108.282|-58.8340
-51.3900|-108.228|-58.8350
-51.4580|-108.233|-58.8070
-51.4580|-108.233|-58.8070
-51.4580|-108.233|-58.8070
-51.4580|-108.233|-58.8070
-51.4580|-108.233|-58.8070
-51.4580|-108.233|-58.8070
-51.4580|-108.233|-58.8070
-51.4810|-108.238|-58.7580
-51.4810|-108.238|-58.7580
-51.5260|-108.238|-58.7790
-51.5260|-108.238|-58.7790
-51.5260|-108.238|-58.7790
-51.5490|-108.243|-58.7300
-51.5490|-108.243|-58.7300
-51.5490|-108.243|-58.7300
-51.5730|-108.248|-58.6810
-51.5730|-108.248|-58.6810
-51.6180|-108.248|-58.7020
-51.6410|-108.253|-58.6540
-51.8230|-108.272|-58.5000
-51.8910|-108.277|-58.4730
-52.0720|-108.277|-58.5580
-52.1170|-108.277|-58.5800
-52.3440|-108.287|-58.5680
-52.4580|-108.292|-58.5620
-52.6170|-108.296|-58.5780
-52.6850|-108.301|-58.5510
-52.9360|-108.315|-58.4910
-52.9810|-108.315|-58.5130
-53.1640|-108.324|-58.4810
-53.2330|-108.329|-58.4540
-53.4850|-108.343|-58.3960
-53.5750|-108.343|-58.4400
-53.8030|-108.352|-58.4310
-53.8720|-108.356|-58.4040
-54.1700|-108.369|-58.3700
-54.2610|-108.369|-58.4140
-54.4650|-108.374|-58.4550
-54.5350|-108.378|-58.4290
-54.8120|-108.395|-58.3250
-54.8570|-108.395|-58.3470
-55.1080|-108.399|-58.4120
-55.1770|-108.404|-58.3860
-55.3820|-108.408|-58.4290
-55.4270|-108.408|-58.4510
-55.4970|-108.412|-58.4260
-55.5670|-108.416|-58.4000
-55.5910|-108.420|-58.3520
-55.5910|-108.420|-58.3520
-55.7790|-108.436|-58.2040
-55.8490|-108.440|-58.1790
-56.1000|-108.444|-58.2460
-56.1910|-108.444|-58.2920
-56.5120|-108.452|-58.3350
-56.6270|-108.456|-58.3330
-56.8820|-108.468|-58.2820
-56.9980|-108.472|-58.2800
-57.3190|-108.479|-58.3250
-57.3900|-108.483|-58.3010
-57.6910|-108.494|-58.2750
-57.8070|-108.498|-58.2740
-58.0840|-108.505|-58.2980
-58.1290|-108.505|-58.3210
-58.4060|-108.513|-58.3450
-58.5220|-108.516|-58.3460
-58.7540|-108.523|-58.3460
-58.8950|-108.530|-58.2990
-59.2890|-108.541|-58.3260
-59.3800|-108.541|-58.3750
-59.7090|-108.554|-58.3060
-59.8510|-108.561|-58.2600
-60.1300|-108.567|-58.2880
-60.2200|-108.567|-58.3380
-60.6150|-108.577|-58.3690
-60.7320|-108.580|-58.3710
-61.0820|-108.589|-58.3790
-61.1720|-108.589|-58.4300
-61.4510|-108.595|-58.4610
-61.5410|-108.595|-58.5110
-61.8920|-108.604|-58.5220
-62.0090|-108.607|-58.5260
-62.2880|-108.613|-58.5590
-62.3790|-108.613|-58.6100
-62.6760|-108.616|-58.7170
-62.7750|-108.622|-58.6490
-63.0730|-108.624|-58.7570
-63.1180|-108.624|-58.7830
-63.3700|-108.627|-58.8660
-63.4420|-108.630|-58.8450
-63.6670|-108.630|-58.9760
-63.7570|-108.630|-59.0280
-63.9470|-108.636|-59.0130
-63.9920|-108.636|-59.0400
-64.1260|-108.636|-59.1190
-64.1710|-108.636|-59.1450
-64.2890|-108.638|-59.1510
-64.3340|-108.638|-59.1770
-64.4960|-108.641|-59.2100
-64.5410|-108.641|-59.2370
-64.6750|-108.641|-59.3160
-64.7200|-108.641|-59.3430
-64.8100|-108.641|-59.3960
-64.8100|-108.641|-59.3960
-64.8820|-108.644|-59.3760
-64.8820|-108.644|-59.3760
-64.8820|-108.644|-59.3760
-64.8820|-108.644|-59.3760
-64.9270|-108.644|-59.4030
-64.9270|-108.644|-59.4030
-64.9270|-108.644|-59.4030
-64.9720|-108.589|-59.4300
-65.0160|-108.589|-59.4570
-65.0160|-108.589|-59.4570
-65.0160|-108.589|-59.4570
-65.0610|-108.589|-59.4840
-65.0610|-108.589|-59.4840
-65.0610|-108.589|-59.4840
-65.0610|-108.589|-59.4840
-65.0890|-108.592|-59.4370
-65.0890|-108.592|-59.4370
-65.0890|-108.592|-59.4370
-65.0890|-108.592|-59.4370
-65.0890|-108.592|-59.4370
-65.0890|-108.592|-59.4370
-65.0890|-108.592|-59.4370
-65.0890|-108.592|-59.4370
-65.0890|-108.592|-59.4370
-65.0890|-108.592|-59.4370
-65.0890|-108.592|-59.4370
-65.0890|-108.592|-59.4370
-65.0890|-108.592|-59.4370
-65.0890|-108.592|-59.4370
-65.1170|-108.594|-59.3900
-65.1170|-108.594|-59.3900
-65.1170|-108.594|-59.3900
-65.1170|-108.594|-59.3900
-65.1450|-108.597|-59.3440
-65.1450|-108.597|-59.3440
-65.1450|-108.597|-59.3440
-65.1450|-108.597|-59.3440
-65.1730|-108.600|-59.2970
-65.1730|-108.600|-59.2970
-65.1730|-108.600|-59.2970
-65.1730|-108.600|-59.2970
-65.1730|-108.600|-59.2970
-65.1730|-108.600|-59.2970
-65.2000|-108.602|-59.2510
-65.2000|-108.602|-59.2510
-65.2000|-108.602|-59.2510
-65.2000|-108.602|-59.2510
-65.2000|-108.602|-59.2510
-65.2000|-108.602|-59.2510
-65.2000|-108.602|-59.2510
-65.2280|-108.605|-59.2040
-65.2280|-108.605|-59.2040
-65.2730|-108.605|-59.2310
-65.2730|-108.605|-59.2310
-65.3010|-108.607|-59.1840
-65.3010|-108.662|-59.1840
-65.3010|-108.662|-59.1840
-65.3290|-108.664|-59.1370
-65.3290|-108.664|-59.1370
-65.3570|-108.667|-59.0910
-65.3570|-108.667|-59.0910
-65.3850|-108.669|-59.0440
-65.3850|-108.669|-59.0440
-65.4130|-108.671|-58.9970
-65.4130|-108.671|-58.9970
-65.4410|-108.674|-58.9510
-65.4410|-108.674|-58.9510
-65.4860|-108.674|-58.9780
-65.5130|-108.676|-58.9310
-65.5130|-108.676|-58.9310
-65.5410|-108.679|-58.8850
-65.5410|-108.679|-58.8850
-65.5690|-108.681|-58.8380
-65.5690|-108.681|-58.8380
-65.5970|-108.683|-58.7920
-65.6250|-108.686|-58.7450
-65.6530|-108.688|-58.6980
-65.6360|-108.690|-58.6250
-65.6640|-108.692|-58.5780
-65.7190|-108.697|-58.4850
-65.7190|-108.697|-58.4850
-65.7020|-108.699|-58.4110
-65.7300|-108.701|-58.3650
-65.7580|-108.703|-58.3180
-65.7580|-108.703|-58.3180
-65.8130|-108.707|-58.2250
-65.8410|-108.709|-58.1780
-65.8970|-108.713|-58.0850
-65.9250|-108.715|-58.0380
-65.9070|-108.717|-57.9650
-65.9350|-108.719|-57.9180
-65.9450|-108.723|-57.7980
-65.9730|-108.725|-57.7510
-66.0570|-108.730|-57.6110
-66.0110|-108.730|-57.5840
-66.0390|-108.732|-57.5370
-66.0670|-108.734|-57.4910
-66.0490|-108.736|-57.4170
-66.0490|-108.736|-57.4170
-66.0770|-108.737|-57.3700
-66.1040|-108.739|-57.3240
-66.1040|-108.739|-57.3240
-66.1320|-108.741|-57.2770
-66.1320|-108.741|-57.2770
-66.1320|-108.795|-57.2770
-66.1600|-108.797|-57.2300
-66.1600|-108.797|-57.2300
-66.1880|-108.798|-57.1830
-66.1880|-108.798|-57.1830
-66.1880|-108.798|-57.1830
-66.1880|-108.798|-57.1830
-66.2160|-108.800|-57.1360
-66.2160|-108.800|-57.1360
-66.2710|-108.803|-57.0430
-66.2710|-108.803|-57.0430
-66.2990|-108.805|-56.9960
-66.3270|-108.806|-56.9500
-66.3830|-108.809|-56.8560
-66.3830|-108.809|-56.8560
-66.4200|-108.813|-56.6890
-66.3740|-108.813|-56.6620
-66.4020|-108.815|-56.6150
-66.3840|-108.816|-56.5410
-66.3930|-108.764|-56.4210
-66.4210|-108.766|-56.3740
-66.4760|-108.768|-56.2810
-66.4300|-108.768|-56.2530
-66.4390|-108.771|-56.1330
-66.4670|-108.772|-56.0860
-66.4940|-108.773|-56.0390
-66.4480|-108.773|-56.0120
-66.5040|-108.775|-55.9180
-66.5310|-108.776|-55.8710
-66.5590|-108.777|-55.8250
-66.5870|-108.779|-55.7780
-66.5680|-108.780|-55.7040
-66.5960|-108.781|-55.6570
-66.6040|-108.783|-55.5360
-66.6320|-108.783|-55.4890
-66.6870|-108.785|-55.3960
-66.6870|-108.785|-55.3960
-66.7430|-108.787|-55.3020
-66.7430|-108.787|-55.3020
-66.8250|-108.789|-55.1620
-66.8530|-108.790|-55.1150
-66.9360|-108.738|-54.9750
-66.9360|-108.738|-54.9750
-66.9910|-108.739|-54.8810
-66.9720|-108.740|-54.8070
-67.0550|-108.742|-54.6670
-67.0550|-108.742|-54.6670
-67.0910|-108.743|-54.4990
-67.0910|-108.743|-54.4990
-67.1180|-108.744|-54.4520
-67.1460|-108.744|-54.4050
-67.1730|-108.745|-54.3580
-67.2010|-108.745|-54.3110
-67.1620|-108.746|-54.1630
-67.1620|-108.746|-54.1630
-67.1700|-108.746|-54.0410
-67.1700|-108.746|-54.0410
-67.2060|-108.747|-53.8730
-67.2330|-108.747|-53.8260
-67.2410|-108.748|-53.7050
-67.2690|-108.748|-53.6580
-67.2770|-108.748|-53.5370
-67.3040|-108.748|-53.4900
-67.3860|-108.749|-53.3490
-67.4140|-108.749|-53.3020
-67.3940|-108.749|-53.2280
-67.4220|-108.749|-53.1810
-67.4560|-108.748|-53.0120
-67.4360|-108.748|-52.9380
-67.4160|-108.748|-52.8630
-67.3960|-108.748|-52.7880
-67.4030|-108.747|-52.6670
-67.3830|-108.747|-52.5920
-67.4180|-108.746|-52.4230
-67.4450|-108.746|-52.3760
-67.4790|-108.745|-52.2080
-67.5340|-108.744|-52.1140
-67.5400|-108.743|-51.9920
-67.4930|-108.743|-51.9640
-67.5060|-108.741|-51.7210
-67.4850|-108.741|-51.6460
-67.5190|-108.739|-51.4770
-67.5460|-108.738|-51.4300
-67.5790|-108.736|-51.2610
-67.5580|-108.735|-51.1860
-67.5910|-108.733|-51.0170
-67.5910|-108.733|-51.0170
-67.5760|-108.730|-50.8200
-67.6030|-108.729|-50.7730
-67.5870|-108.726|-50.5760
-67.6150|-108.725|-50.5290
-67.5990|-108.722|-50.3320
-67.5990|-108.722|-50.3320
-67.6310|-108.719|-50.1630
-67.6310|-108.719|-50.1630
-67.6630|-108.715|-49.9940
-67.6420|-108.714|-49.9190
-67.6470|-108.711|-49.7960
-67.6740|-108.710|-49.7490
-67.6840|-108.705|-49.5050
-67.7370|-108.702|-49.4100
-67.7150|-108.700|-49.3350
-67.6660|-108.700|-49.3080
-67.7740|-108.694|-49.1190
-67.7520|-108.693|-49.0440
-67.8320|-108.688|-48.9020
-67.7830|-108.688|-48.8740
-67.8410|-108.681|-48.6570
-67.8680|-108.679|-48.6100
-67.8490|-108.674|-48.4120
-67.8760|-108.672|-48.3650
-67.8580|-108.667|-48.1670
-67.8840|-108.665|-48.1200
-67.9410|-108.657|-47.9030
-67.9680|-108.655|-47.8560
-67.8960|-108.653|-47.7530
-67.9220|-108.651|-47.7050
-67.9030|-108.644|-47.5070
-67.9290|-108.642|-47.4600
-67.9860|-108.633|-47.2430
-67.9860|-108.633|-47.2430
-68.0160|-108.627|-47.0730
-68.0420|-108.624|-47.0250
-68.0220|-108.617|-46.8270
-68.0220|-108.617|-46.8270
-68.0520|-108.610|-46.6570
-68.0780|-108.607|-46.6100
-68.0570|-108.600|-46.4120
-68.0070|-108.600|-46.3840
-68.0630|-108.589|-46.1660
-68.0130|-108.589|-46.1380
-67.9910|-108.581|-45.9400
-67.9910|-108.581|-45.9400
-67.9960|-108.570|-45.6940
-67.9960|-108.570|-45.6940
-67.9710|-108.567|-45.6190
-67.9980|-108.564|-45.5710
-68.0770|-108.556|-45.4290
-68.0770|-108.556|-45.4290
-68.1310|-108.544|-45.2110
-68.1570|-108.541|-45.1640
-68.2100|-108.535|-45.0690
-68.1850|-108.532|-44.9930
-68.2900|-108.519|-44.8030
-68.2920|-108.513|-44.6800
-68.2670|-108.509|-44.6050
-68.2430|-108.506|-44.5290
-68.2960|-108.493|-44.3110
-68.2960|-108.493|-44.3110
-68.2980|-108.486|-44.1880
-68.2750|-108.469|-43.8660
-68.3010|-108.465|-43.8180
-68.3540|-108.451|-43.6000
-68.3800|-108.447|-43.5530
-68.4330|-108.433|-43.3340
-68.4330|-108.433|-43.3340
-68.4850|-108.417|-43.1160
-68.5110|-108.414|-43.0680
-68.5640|-108.398|-42.8500
-68.5640|-108.390|-42.7270
-68.5380|-108.386|-42.6510
-68.5390|-108.378|-42.5280
-68.5900|-108.362|-42.3090
-68.6160|-108.357|-42.2610
-68.6940|-108.345|-42.1190
-68.6680|-108.341|-42.0430
-68.7450|-108.319|-41.7770
-68.7710|-108.315|-41.7290
-68.7450|-108.310|-41.6530
-68.7440|-108.302|-41.5300
-68.7700|-108.288|-41.3590
-68.7430|-108.284|-41.2830
-68.6900|-108.274|-41.1310
-68.7160|-108.270|-41.0830
-68.7410|-108.256|-40.9120
-68.7140|-108.251|-40.8360
-68.7380|-108.237|-40.6650
-68.7380|-108.237|-40.6650
-68.7630|-108.223|-40.4940
-68.7360|-108.218|-40.4180
-68.7600|-108.203|-40.2460
-68.8110|-108.193|-40.1510
-68.8350|-108.179|-39.9800
-68.8350|-108.179|-39.9800
-68.8060|-108.163|-39.7800
-68.8320|-108.158|-39.7320
-68.8020|-108.143|-39.5330
-68.7750|-108.138|-39.4570
-68.7450|-108.122|-39.2570
-68.7170|-108.117|-39.1810
-68.6590|-108.095|-38.9050
-68.6850|-108.090|-38.8570
-68.6540|-108.074|-38.6580
-68.6510|-108.063|-38.5340
-68.6420|-108.029|-38.1620
-68.6140|-108.024|-38.0860
-68.6110|-108.012|-37.9620
-68.5820|-108.007|-37.8860
-68.6040|-107.989|-37.7150
-68.6290|-107.984|-37.6670
-68.5720|-107.972|-37.5150
-68.5680|-107.960|-37.3910
-68.5350|-107.942|-37.1910
-68.5350|-107.942|-37.1910
-68.5310|-107.930|-37.0670
-68.5270|-107.918|-36.9430
-68.6020|-107.900|-36.7990
-68.6020|-107.900|-36.7990
-68.6270|-107.894|-36.7510
-68.6230|-107.882|-36.6280
-68.6440|-107.863|-36.4560
-68.6150|-107.911|-36.3790
-68.6350|-107.892|-36.2070
-68.6600|-107.886|-36.1590
-68.6010|-107.873|-36.0070
-68.5710|-107.867|-35.9310
-68.5120|-107.854|-35.7790
-68.5070|-107.841|-35.6550
-68.4720|-107.821|-35.4550
-68.4170|-107.821|-35.4260
-68.4310|-107.788|-35.1300
-68.4560|-107.781|-35.0820
-68.4990|-107.754|-34.8620
-68.4990|-107.754|-34.8620
-68.5430|-107.727|-34.6420
-68.5670|-107.720|-34.5940
-68.5490|-107.678|-34.2220
-68.5740|-107.671|-34.1740
-68.5430|-107.664|-34.0980
-68.5680|-107.657|-34.0500
-68.7150|-107.614|-33.7620
-68.6590|-107.614|-33.7340
-68.6280|-107.606|-33.6580
-68.6530|-107.599|-33.6100
-68.6950|-107.570|-33.3890
-68.7200|-107.562|-33.3410
-68.6890|-107.609|-33.2650
-68.7130|-107.602|-33.2170
-68.7550|-107.572|-32.9970
-68.7790|-107.565|-32.9490
-68.6920|-107.557|-32.8440
-68.6610|-107.549|-32.7680
-68.7270|-107.511|-32.5000
-68.7510|-107.503|-32.4520
-68.7750|-107.496|-32.4040
-68.7990|-107.488|-32.3560
-68.8960|-107.457|-32.1640
-68.9210|-107.449|-32.1160
-68.9620|-107.417|-31.8960
-68.9620|-107.417|-31.8960
-68.9300|-107.409|-31.8190
-68.9300|-107.409|-31.8190
-68.9220|-107.393|-31.6950
-68.9220|-107.393|-31.6950
-68.8820|-107.369|-31.4940
-68.7940|-107.361|-31.3900
-68.8180|-107.353|-31.3420
-68.7860|-107.345|-31.2650
-68.8100|-107.336|-31.2170
-68.8250|-107.312|-31.0450
-68.8740|-107.295|-30.9490
-68.8740|-107.295|-30.9490
-68.8980|-107.287|-30.9010
-68.9940|-107.254|-30.7090
-68.9610|-107.245|-30.6330
-68.9290|-107.237|-30.5560
-68.9290|-107.237|-30.5560
-68.9200|-107.220|-30.4320
-68.9200|-107.220|-30.4320
-68.9680|-107.203|-30.3360
-68.9920|-107.194|-30.2880
-69.0220|-107.142|-29.9430
-69.0460|-107.134|-29.8950
-69.0610|-107.108|-29.7230
-69.0610|-107.108|-29.7230
-69.0750|-107.081|-29.5500
-69.0420|-107.072|-29.4740
-69.0570|-107.046|-29.3020
-69.0230|-107.037|-29.2250
-69.0610|-107.001|-29.0050
-69.0850|-106.992|-28.9570
-69.0750|-106.973|-28.8320
-69.0990|-106.964|-28.7840
-69.1370|-106.928|-28.5640
-69.1600|-106.918|-28.5160
-69.2080|-106.900|-28.4200
-69.1500|-106.900|-28.3910
-69.2450|-106.863|-28.1990
-69.2690|-106.853|-28.1510
-69.2590|-106.834|-28.0270
-69.2480|-106.816|-27.9030
-69.2380|-106.797|-27.7780
-69.2380|-106.797|-27.7780
-69.2380|-106.797|-27.7780
-69.2610|-106.787|-27.7300
-69.3090|-106.768|-27.6340
-69.3320|-106.758|-27.5860
-69.3560|-106.749|-27.5380
-69.3800|-106.739|-27.4900
-69.4270|-106.720|-27.3940
-69.4500|-106.710|-27.3460
-69.4630|-106.681|-27.1740
-69.4870|-106.671|-27.1260
-69.5340|-106.651|-27.0300
-69.4990|-106.642|-26.9530
-69.5700|-106.666|-26.8090
-69.5940|-106.656|-26.7610
-69.5250|-106.636|-26.6080
-69.5720|-106.616|-26.5120
-69.5490|-106.576|-26.2630
-69.5140|-106.566|-26.1870
-69.4440|-106.546|-26.0340
-69.4910|-106.525|-25.9380
-69.4670|-106.484|-25.6890
-69.4670|-106.484|-25.6890
-69.5250|-106.432|-25.4200
-69.4890|-106.422|-25.3440
-69.5830|-106.380|-25.1520
-69.5830|-106.380|-25.1520
-69.5340|-106.348|-24.9510
-69.5580|-106.337|-24.9030
-69.5680|-106.305|-24.7310
-69.5680|-106.305|-24.7310
-69.5330|-106.295|-24.6540
-69.4970|-106.284|-24.5770
-69.4610|-106.273|-24.5010
-69.4840|-106.262|-24.4530
-69.4710|-106.241|-24.3280
-69.4940|-106.230|-24.2800
-69.4810|-106.263|-24.1560
-69.5040|-106.252|-24.1080
-69.4910|-106.230|-23.9830
-69.4910|-106.230|-23.9830
-69.4780|-106.208|-23.8590
-69.4780|-106.208|-23.8590
-69.4650|-106.186|-23.7340
-69.4880|-106.175|-23.6860
-69.5340|-106.153|-23.5900
-69.4740|-106.153|-23.5620
-69.4970|-106.142|-23.5140
-69.4970|-106.142|-23.5140
-69.5200|-106.131|-23.4660
-69.5430|-106.119|-23.4180
-69.5660|-106.108|-23.3700
-69.5660|-106.108|-23.3700
-69.5300|-106.151|-23.2930
-69.5300|-106.151|-23.2930
-69.4790|-106.118|-23.0920
-69.5020|-106.106|-23.0440
-69.3830|-106.106|-22.9870
-69.3830|-106.106|-22.9870
-69.3830|-106.106|-22.9870
-69.3230|-106.106|-22.9580
-69.2860|-106.041|-22.8820
-69.2260|-106.041|-22.8540
-69.1660|-106.041|-22.8250
-69.1660|-106.041|-22.8250
-69.1660|-106.041|-22.8250
-69.1660|-106.041|-22.8250
-69.1660|-106.041|-22.8250
-69.1660|-106.041|-22.8250
-69.1660|-106.041|-22.8250
-69.1660|-106.041|-22.8250
-69.1660|-106.041|-22.8250
-69.1660|-106.041|-22.8250
-69.1660|-106.041|-22.8250
-69.1660|-106.041|-22.8250
-69.1660|-106.041|-22.8250
-69.1660|-106.041|-22.8250
-69.1660|-106.041|-22.8250
-69.1660|-106.041|-22.8250
-69.2260|-106.041|-22.8540
-69.2260|-106.041|-22.8540
-69.2260|-106.041|-22.8540
-69.2260|-106.041|-22.8540
-69.2260|-106.041|-22.8540
-69.2260|-106.041|-22.8540
-69.2260|-106.041|-22.8540
-69.2260|-106.041|-22.8540
-69.2260|-106.041|-22.8540
-69.2260|-106.041|-22.8540
-69.2260|-106.041|-22.8540
-69.2260|-106.041|-22.8540
-69.2260|-106.041|-22.8540
-69.2260|-106.041|-22.8540
-69.2260|-106.041|-22.8540
-69.2260|-106.041|-22.8540
-69.2260|-106.041|-22.8540
-69.2260|-106.041|-22.8540
-69.2260|-106.041|-22.8540
-69.2260|-106.041|-22.8540
-69.2030|-106.052|-22.9020
-69.2030|-106.052|-22.9020
-69.2030|-106.052|-22.9020
-69.2030|-106.052|-22.9020
-69.2030|-106.052|-22.9020
-69.2030|-106.052|-22.9020
-69.2030|-106.052|-22.9020
-69.2030|-106.052|-22.9020
-69.2030|-106.052|-22.9020
-69.1430|-106.052|-22.8730
-69.1430|-106.052|-22.8730
-69.1430|-106.052|-22.8730
-69.1430|-106.052|-22.8730
-69.1430|-106.052|-22.8730
-69.1430|-106.052|-22.8730
-69.1430|-106.052|-22.8730
-69.1430|-106.052|-22.8730
-69.1430|-106.052|-22.8730
-69.1430|-106.052|-22.8730
-69.1430|-106.052|-22.8730
-69.0840|-106.052|-22.8450
-69.0840|-106.052|-22.8450
-69.0240|-106.052|-22.8170
-68.9640|-106.052|-22.7880
-68.9640|-106.052|-22.7880
-68.9640|-106.052|-22.7880
-68.9640|-106.052|-22.7880
-68.9040|-106.052|-22.7600
-68.9040|-106.052|-22.7600
-68.8210|-106.063|-22.7800
-68.8210|-106.063|-22.7800
-68.6340|-106.097|-22.8670
-68.6340|-106.097|-22.8670
-68.5740|-106.097|-22.8390
-68.5140|-106.097|-22.8110
-68.5140|-106.097|-22.8110
-68.5140|-106.097|-22.8110
-68.4310|-106.108|-22.8310
-68.4310|-106.108|-22.8310
-68.4310|-106.108|-22.8310
-68.4310|-106.108|-22.8310
-68.3720|-106.108|-22.8030
-68.3720|-106.108|-22.8030
-68.3720|-106.108|-22.8030
-68.3720|-106.108|-22.8030
-68.3720|-106.108|-22.8030
-68.3720|-106.108|-22.8030
-68.3720|-106.108|-22.8030
-68.3720|-106.108|-22.8030
-68.3120|-106.108|-22.7750
-68.3120|-106.108|-22.7750
-68.3120|-106.108|-22.7750
-68.3120|-106.108|-22.7750
-68.2290|-106.119|-22.7950
-68.2290|-106.119|-22.7950
-68.1100|-106.119|-22.7390
-68.1100|-106.119|-22.7390
-67.9670|-106.131|-22.7310
-67.9070|-106.131|-22.7030
-67.8480|-106.131|-22.6750
-67.8480|-106.131|-22.6750
-67.7880|-106.131|-22.6470
-67.7880|-106.131|-22.6470
-67.6450|-106.142|-22.6400
-67.6450|-106.142|-22.6400
-67.5030|-106.153|-22.6320
-67.4430|-106.153|-22.6050
-67.3830|-106.153|-22.5770
-67.3230|-106.153|-22.5490
-67.3010|-106.164|-22.5980
-67.3010|-106.164|-22.5980
-67.2790|-106.175|-22.6460
-67.2790|-106.175|-22.6460
-67.2790|-106.175|-22.6460
-67.2560|-106.186|-22.6940
-67.2560|-106.186|-22.6940
-67.1970|-106.186|-22.6660
-67.1740|-106.197|-22.7150
-67.1140|-106.197|-22.6870
-67.1140|-106.197|-22.6870
-67.1140|-106.197|-22.6870
-67.0920|-106.208|-22.7350
-67.0920|-106.208|-22.7350
-67.0920|-106.208|-22.7350
-67.0920|-106.208|-22.7350
-67.0700|-106.219|-22.7840
-67.0100|-106.219|-22.7560
-67.0100|-106.219|-22.7560
-67.0100|-106.219|-22.7560
-67.0100|-106.219|-22.7560
-66.9500|-106.219|-22.7290
-66.9280|-106.230|-22.7770
-66.9280|-106.230|-22.7770
-66.8680|-106.230|-22.7500
-66.8680|-106.230|-22.7500
-66.7860|-106.241|-22.7700
-66.7260|-106.241|-22.7430
-66.5240|-106.252|-22.7090
-66.4420|-106.263|-22.7300
-66.3000|-106.274|-22.7240
-66.2410|-106.274|-22.6970
-66.0990|-106.284|-22.6910
-66.0990|-106.284|-22.6910
-65.8530|-106.317|-22.7550
-65.7330|-106.317|-22.7010
-65.5540|-106.317|-22.6200
-65.4940|-106.317|-22.5930
-65.2700|-106.338|-22.6100
-65.2700|-106.338|-22.6100
-65.0910|-106.338|-22.5290
-65.0310|-106.338|-22.5020
-64.7470|-106.360|-22.4930
-64.6870|-106.360|-22.4660
-64.4860|-106.370|-22.4360
-64.4260|-106.370|-22.4090
-64.2030|-106.337|-22.4280
-64.1210|-106.348|-22.4500
-63.7780|-106.369|-22.4160
-63.6580|-106.369|-22.3640
-63.5170|-106.380|-22.3600
-63.3970|-106.380|-22.3080
-63.1140|-106.401|-22.3020
-63.0330|-106.411|-22.3250
-62.7930|-106.411|-22.2210
-62.7330|-106.411|-22.1960
-62.4110|-106.422|-22.1160
-62.3300|-106.432|-22.1390
-62.0090|-106.443|-22.0610
-61.9480|-106.443|-22.0350
-61.6870|-106.453|-21.9830
-61.5670|-106.453|-21.9320
-61.3260|-106.453|-21.8310
-61.1850|-106.463|-21.8300
-60.9230|-106.474|-21.7790
-60.8420|-106.484|-21.8030
-60.5000|-106.505|-21.7770
-60.4400|-106.505|-21.7520
-60.1380|-106.505|-21.6280
-60.0580|-106.515|-21.6520
-59.8570|-106.525|-21.6280
-59.7960|-106.525|-21.6030
-59.5350|-106.535|-21.5550
-59.4540|-106.546|-21.5800
-59.1930|-106.556|-21.5320
-59.0720|-106.556|-21.4830
-58.8910|-106.556|-21.4100
-58.7500|-106.566|-21.4110
-58.5300|-106.586|-21.4380
-58.4090|-106.586|-21.3900
-58.1670|-106.586|-21.2940
-58.1060|-106.586|-21.2700
-57.9050|-106.596|-21.2480
-57.8450|-106.596|-21.2250
-57.6030|-106.596|-21.1300
-57.5420|-106.596|-21.1060
-57.2810|-106.606|-21.0610
-57.2200|-106.606|-21.0380
-57.0380|-106.606|-20.9670
-56.9580|-106.616|-20.9940
-56.6970|-106.626|-20.9500
-56.6360|-106.626|-20.9270
-56.4350|-106.636|-20.9070
-56.4350|-106.636|-20.9070
-56.3750|-106.636|-20.8840
-56.2950|-106.646|-20.9100
-56.1130|-106.646|-20.8410
-55.9730|-106.656|-20.8450
-55.7910|-106.656|-20.7760
-55.7110|-106.666|-20.8030
-55.5900|-106.666|-20.7570
-55.5710|-106.676|-20.8070
-55.4310|-106.686|-20.8120
-55.3700|-106.632|-20.7890
-55.1080|-106.642|-20.7480
-55.0480|-106.642|-20.7260
-54.9080|-106.651|-20.7310
-54.8470|-106.651|-20.7080
-54.6280|-106.671|-20.7410
-54.5670|-106.671|-20.7180
-54.4270|-106.681|-20.7240
-54.3660|-106.681|-20.7010
-54.0080|-106.710|-20.7400
-53.9290|-106.720|-20.7680
-53.8070|-106.720|-20.7240
-53.7460|-106.720|-20.7020
-53.6490|-106.739|-20.7800
-53.6490|-106.739|-20.7800
-53.4490|-106.749|-20.7650
-53.3880|-106.749|-20.7430
-53.1270|-106.758|-20.7050
-53.0670|-106.758|-20.6840
-52.8840|-106.758|-20.6180
-52.8840|-106.758|-20.6180
-52.7450|-106.768|-20.6250
-52.7270|-106.778|-20.6760
-52.5270|-106.787|-20.6610
-52.4660|-106.787|-20.6390
-52.2050|-106.797|-20.6040
-51.9440|-106.806|-20.5690
-51.8660|-106.816|-20.5980
-51.6480|-106.834|-20.6350
-51.5870|-106.834|-20.6140
-51.3440|-106.834|-20.5290
-51.2840|-106.834|-20.5080
-51.1270|-106.853|-20.5670
-51.0660|-106.853|-20.5460
-50.9270|-106.863|-20.5550
-50.8660|-106.863|-20.5340
-50.6670|-106.872|-20.5220
-50.5450|-106.872|-20.4800
-50.3020|-106.872|-20.3970
-50.2240|-106.881|-20.4270
-49.9630|-106.891|-20.3950
-49.9020|-106.891|-20.3750
-49.7030|-106.900|-20.3640
-49.6420|-106.900|-20.3440
-49.3640|-106.864|-20.3640
-49.2430|-106.864|-20.3240
-49.0430|-106.873|-20.3140
-49.0430|-106.873|-20.3140
-48.7050|-106.892|-20.3150
-48.6440|-106.892|-20.2950
-48.4450|-106.901|-20.2860
-48.3230|-106.901|-20.2460
-48.0470|-106.919|-20.2690
-47.9690|-106.928|-20.3000
-47.7260|-106.928|-20.2220
-47.6650|-106.928|-20.2020
-47.4660|-106.937|-20.1940
-47.3880|-106.946|-20.2260
-47.1280|-106.955|-20.1990
-47.0510|-106.964|-20.2310
-46.7300|-106.973|-20.1860
-46.6530|-106.982|-20.2170
-46.3490|-106.982|-20.1220
-46.2720|-106.991|-20.1540
-45.9350|-107.009|-20.1620
-45.8590|-107.018|-20.1940
-45.4160|-107.027|-20.1140
-45.2940|-107.027|-20.0760
-44.9130|-107.036|-20.0160
-44.7910|-107.036|-19.9800
-44.4550|-107.053|-19.9910
-44.3330|-107.053|-19.9540
-43.8600|-107.079|-19.9810
-43.7380|-107.079|-19.9450
-43.3570|-107.088|-19.8890
-43.2340|-107.088|-19.8540
-42.7770|-107.105|-19.8330
-42.6550|-107.105|-19.7980
-42.4110|-107.105|-19.7280
-42.3490|-107.105|-19.7100
-41.9390|-107.077|-19.7620
-41.8170|-107.077|-19.7270
-41.4350|-107.085|-19.6760
-41.2990|-107.094|-19.6940
-41.0540|-107.094|-19.6260
-40.9930|-107.094|-19.6090
-40.6450|-107.119|-19.6810
-40.5830|-107.119|-19.6640
-40.2020|-107.128|-19.6160
-40.1410|-107.128|-19.6000
-39.7460|-107.145|-19.6050
-39.6240|-107.145|-19.5720
-39.4270|-107.153|-19.5750
-39.3520|-107.161|-19.6110
-39.1550|-107.170|-19.6150
-39.0190|-107.178|-19.6340
-38.6990|-107.186|-19.6060
-38.5770|-107.186|-19.5750
-38.2580|-107.195|-19.5480
-38.1970|-107.195|-19.5320
-37.9380|-107.203|-19.5210
-37.8770|-107.203|-19.5060
-37.6190|-107.211|-19.4960
-37.4970|-107.211|-19.4650
-37.1910|-107.211|-19.3880
-37.0680|-107.211|-19.3580
-36.8230|-107.211|-19.2970
-36.7490|-107.219|-19.3340
-36.4910|-107.228|-19.3260
-36.3680|-107.228|-19.2960
-35.9880|-107.236|-19.2590
-35.8530|-107.244|-19.2810
-35.6070|-107.244|-19.2230
-35.5340|-107.252|-19.2600
-35.1900|-107.276|-19.3440
-35.0550|-107.284|-19.3680
-34.8710|-107.284|-19.3250
-34.8100|-107.284|-19.3100
-34.6020|-107.300|-19.3720
-34.5280|-107.308|-19.4100
-34.2830|-107.308|-19.3540
-34.1610|-107.308|-19.3260
-33.9040|-107.316|-19.3220
-33.8310|-107.324|-19.3610
-33.6110|-107.348|-19.4760
-33.5500|-107.348|-19.4620
-33.3050|-107.348|-19.4070
-33.2320|-107.356|-19.4460
-32.9030|-107.371|-19.4830
-32.8410|-107.371|-19.4700
-32.5850|-107.379|-19.4680
-32.5120|-107.387|-19.5080
-32.2450|-107.402|-19.5590
-32.1110|-107.410|-19.5860
-31.8660|-107.410|-19.5330
-31.8050|-107.410|-19.5200
-31.7330|-107.418|-19.5590
-31.6600|-107.425|-19.5990
-31.3930|-107.441|-19.6520
-31.3320|-107.441|-19.6400
-31.0150|-107.448|-19.6280
-30.9540|-107.394|-19.6160
-30.5760|-107.401|-19.5930
-30.5040|-107.409|-19.6330
-30.3100|-107.416|-19.6480
-30.2380|-107.424|-19.6880
-29.8390|-107.446|-19.7720
-29.7070|-107.454|-19.8010
-29.4520|-107.461|-19.8050
-29.3190|-107.468|-19.8340
-28.9320|-107.483|-19.8670
-28.8000|-107.490|-19.8960
-28.4740|-107.505|-19.9430
-28.4130|-107.505|-19.9320
-28.0980|-107.512|-19.9260
-27.9660|-107.465|-19.9570
-27.5800|-107.479|-19.9940
-27.4480|-107.486|-20.0250
-27.1330|-107.494|-20.0210
-27.0720|-107.494|-20.0100
-26.6780|-107.515|-20.1030
-26.6170|-107.515|-20.0920
-26.2420|-107.522|-20.0800
-26.1100|-107.529|-20.1110
-25.7960|-107.536|-20.1110
-25.7260|-107.543|-20.1540
-25.2720|-107.564|-20.2400
-25.1500|-107.564|-20.2190
-24.7850|-107.564|-20.1570
-24.7240|-107.564|-20.1470
-24.4020|-107.577|-20.2030
-24.3320|-107.584|-20.2460
-23.9580|-107.591|-20.2400
-23.8360|-107.591|-20.2200
-23.4010|-107.598|-20.2050
-23.2790|-107.598|-20.1860
-23.0270|-107.604|-20.2010
-22.8970|-107.611|-20.2360
-22.5930|-107.611|-20.1890
-22.4630|-107.618|-20.2240
-22.1580|-107.618|-20.1780
-22.0970|-107.618|-20.1690
-21.7160|-107.631|-20.2210
-21.5940|-107.631|-20.2040
-21.2820|-107.638|-20.2130
-21.1600|-107.638|-20.1960
-20.7870|-107.645|-20.1970
-20.6570|-107.651|-20.2340
-20.2240|-107.658|-20.2280
-20.1020|-107.658|-20.2120
-19.7970|-107.658|-20.1710
-19.6680|-107.664|-20.2080
-19.3570|-107.671|-20.2210
-19.2350|-107.671|-20.2050
-18.8630|-107.677|-20.2120
-18.7410|-107.677|-20.1960
-18.4290|-107.684|-20.2120
-18.3080|-107.684|-20.1970
-17.9360|-107.690|-20.2050
-17.8750|-107.690|-20.1980
-17.6310|-107.690|-20.1690
-17.5640|-107.697|-20.2150
-17.3140|-107.703|-20.2400
-17.1920|-107.703|-20.2260
-17.0030|-107.710|-20.2580
-16.9420|-107.710|-20.2510
-16.7470|-107.723|-20.3380
-16.6260|-107.723|-20.3240
-16.3820|-107.723|-20.2970
-16.3150|-107.729|-20.3440
-16.0660|-107.735|-20.3710
-16.0050|-107.735|-20.3640
-15.6890|-107.748|-20.4390
-15.6290|-107.748|-20.4330
-15.3240|-107.748|-20.4010
-15.2030|-107.748|-20.3880
-15.0200|-107.748|-20.3700
-14.9590|-107.748|-20.3630
-14.8320|-107.700|-20.4050
-14.7050|-107.706|-20.4470
-14.4570|-107.712|-20.4770
-14.3350|-107.712|-20.4650
-14.0870|-107.718|-20.4950
-14.0870|-107.718|-20.4950
-13.9550|-107.731|-20.5910
-13.8890|-107.737|-20.6390
-13.7070|-107.737|-20.6220
-13.6460|-107.737|-20.6170
-13.2770|-107.743|-20.6370
-13.2160|-107.743|-20.6320
-12.9640|-107.755|-20.7180
-12.9030|-107.755|-20.7120
-12.6600|-107.755|-20.6910
-12.5390|-107.755|-20.6810
-12.2300|-107.761|-20.7090
-12.1700|-107.761|-20.7040
-11.7450|-107.761|-20.6700
-11.6230|-107.761|-20.6600
-11.2550|-107.767|-20.6860
-11.1330|-107.767|-20.6770
-10.9510|-107.767|-20.6630
-10.8300|-107.767|-20.6540
-10.4610|-107.773|-20.6820
-10.3400|-107.773|-20.6730
-10.0970|-107.773|-20.6560
-9.91500|-107.773|-20.6440
-9.67200|-107.773|-20.6280
-9.55000|-107.773|-20.6200
-9.18300|-107.779|-20.6510
-9.00000|-107.779|-20.6400
-8.69400|-107.785|-20.6750
-8.57200|-107.785|-20.6680
-8.32900|-107.785|-20.6540
-8.20800|-107.785|-20.6480
-7.84300|-107.785|-20.6280
-7.78200|-107.785|-20.6250
-7.53700|-107.791|-20.6660
-7.53700|-107.791|-20.6660
-7.35200|-107.797|-20.7110
-7.23000|-107.797|-20.7050
-6.74200|-107.803|-20.7360
-6.62100|-107.803|-20.7300
-6.49900|-107.803|-20.7250
-6.37800|-107.803|-20.7190
-5.94900|-107.814|-20.8100
-5.82700|-107.814|-20.8050
-5.46300|-107.814|-20.7910
-5.34000|-107.820|-20.8400
-4.97400|-107.826|-20.8820
-4.85300|-107.826|-20.8780
-4.67100|-107.826|-20.8720
-4.24500|-107.832|-20.9130
-4.12400|-107.832|-20.9100
-3.82100|-107.832|-20.9010
-3.69900|-107.832|-20.8980
-3.39600|-107.832|-20.8910
-3.33600|-107.832|-20.8900
-2.97200|-107.832|-20.8820
-2.85000|-107.832|-20.8790
-2.48700|-107.832|-20.8730
-2.36500|-107.832|-20.8710
-2.00100|-107.832|-20.8650
-1.88000|-107.832|-20.8640
-1.45600|-107.832|-20.8590
-1.33400|-107.832|-20.8580
-0.91000|-107.832|-20.8550
-0.78800|-107.832|-20.8540
-0.30300|-107.832|-20.8520
-0.12100|-107.832|-20.8520
+0.24300|-107.832|-20.8520
+0.42500|-107.832|-20.8530
+0.91000|-107.832|-20.8550
+1.09100|-107.838|-20.9100
+1.51600|-107.838|-20.9140
+1.63700|-107.838|-20.9150
+2.12200|-107.838|-20.9210
+2.24300|-107.838|-20.9230
+2.66700|-107.843|-20.9840
+2.72700|-107.843|-20.9850
+3.21200|-107.843|-20.9950
+3.33200|-107.849|-21.0520
+3.69400|-107.855|-21.1140
+3.81500|-107.855|-21.1170
+4.11800|-107.855|-21.1260
+4.23900|-107.855|-21.1290
+4.60000|-107.860|-21.1940
+4.78200|-107.860|-21.2000
+5.20500|-107.860|-21.2140
+5.32600|-107.860|-21.2180
+5.74800|-107.921|-21.2880
+5.92900|-107.921|-21.2950
+6.35200|-107.921|-21.3130
+6.53400|-107.921|-21.3210
+7.01500|-107.926|-21.3970
+7.13600|-107.926|-21.4030
+7.49800|-107.926|-21.4210
+7.61900|-107.926|-21.4270
+8.10200|-107.926|-21.4530
+8.22300|-107.926|-21.4600
+8.70600|-107.926|-21.4870
+8.82700|-107.926|-21.4950
+9.18900|-107.926|-21.5170
+9.37000|-107.926|-21.5280
+9.85700|-107.921|-21.5060
+9.97800|-107.921|-21.5140
+10.5210|-107.921|-21.5520
+10.6420|-107.921|-21.5610
+11.1290|-107.915|-21.5430
+11.2490|-107.915|-21.5520
+11.6760|-107.909|-21.5310
+11.7370|-107.909|-21.5360
+11.9780|-107.909|-21.5550
+12.0380|-107.909|-21.5600
+12.3400|-107.909|-21.5850
+12.4610|-107.909|-21.5960
+12.8230|-107.909|-21.6270
+12.9440|-107.909|-21.6370
+13.1850|-107.909|-21.6590
+13.2450|-107.909|-21.6640
+13.3660|-107.909|-21.6750
+13.3660|-107.909|-21.6750
+13.7280|-107.909|-21.7090
+13.7880|-107.909|-21.7140
+14.0290|-107.909|-21.7370
+14.0890|-107.909|-21.7430
+14.1500|-107.909|-21.7490
+14.2100|-107.909|-21.7550
+14.4510|-107.909|-21.7780
+14.5110|-107.909|-21.7840
+14.8130|-107.909|-21.8140
+14.8730|-107.909|-21.8200
+15.0540|-107.909|-21.8390
+15.1140|-107.909|-21.8450
+15.3550|-107.909|-21.8700
+15.4150|-107.909|-21.8760
+15.7160|-107.909|-21.9080
+15.7760|-107.909|-21.9150
+16.0170|-107.909|-21.9410
+16.1380|-107.909|-21.9540
+16.4390|-107.909|-21.9880
+16.5590|-107.909|-22.0010
+16.9800|-107.909|-22.0500
+17.1010|-107.909|-22.0640
+17.4550|-107.915|-22.1600
+17.5150|-107.915|-22.1670
+17.8160|-107.915|-22.2030
+17.9360|-107.915|-22.2180
+18.3560|-107.915|-22.2700
+18.4760|-107.915|-22.2850
+18.7770|-107.915|-22.3240
+18.8970|-107.915|-22.3390
+19.2570|-107.915|-22.3860
+19.3770|-107.915|-22.4020
+19.7370|-107.915|-22.4500
+19.8640|-107.909|-22.4130
+20.2240|-107.909|-22.4630
+20.3440|-107.909|-22.4790
+20.6440|-107.909|-22.5210
+20.7640|-107.909|-22.5390
+21.0120|-107.904|-22.5190
+21.1390|-107.898|-22.4830
+21.4990|-107.898|-22.5360
+21.5590|-107.898|-22.5450
+21.9190|-107.898|-22.5980
+21.9790|-107.898|-22.6070
+22.2260|-107.892|-22.5900
+22.3540|-107.886|-22.5550
+22.7140|-107.886|-22.6110
+22.7740|-107.886|-22.6200
+23.0740|-107.886|-22.6670
+23.1340|-107.886|-22.6770
+23.4930|-107.886|-22.7340
+23.6130|-107.886|-22.7540
+23.9120|-107.886|-22.8030
+23.9720|-107.886|-22.8120
+24.2710|-107.886|-22.8620
+24.3910|-107.886|-22.8820
+24.6300|-107.886|-22.9220
+24.6900|-107.886|-22.9320
+24.8690|-107.886|-22.9630
+24.8690|-107.886|-22.9630
+25.0480|-107.886|-22.9940
+25.1080|-107.886|-23.0040
+25.2870|-107.886|-23.0350
+25.3470|-107.886|-23.0460
+25.4670|-107.886|-23.0660
+25.4670|-107.886|-23.0660
+25.5260|-107.886|-23.0770
+25.5260|-107.886|-23.0770
+25.5860|-107.886|-23.0870
+25.6460|-107.886|-23.0980
+25.8250|-107.886|-23.1300
+25.8850|-107.886|-23.1400
+26.1230|-107.886|-23.1830
+26.1830|-107.886|-23.1940
+26.3030|-107.886|-23.2150
+26.3030|-107.886|-23.2150
+26.5510|-107.881|-23.2060
+26.6110|-107.881|-23.2170
+26.8490|-107.881|-23.2610
+26.9690|-107.881|-23.2830
+27.2170|-107.875|-23.2740
+27.3360|-107.875|-23.2970
+27.5250|-107.869|-23.2770
+27.6450|-107.869|-23.3000
+27.9530|-107.863|-23.3040
+28.0130|-107.863|-23.3160
+28.2510|-107.863|-23.3620
+28.3810|-107.857|-23.3320
+28.7490|-107.851|-23.3500
+28.8680|-107.851|-23.3730
+29.1660|-107.851|-23.4330
+29.2850|-107.851|-23.4570
+29.6650|-107.839|-23.4240
+29.8430|-107.839|-23.4610
+30.2010|-107.839|-23.5350
+30.3310|-107.833|-23.5070
+30.7100|-107.822|-23.4760
+30.8410|-107.815|-23.4490
+31.3290|-107.809|-23.4980
+31.5190|-107.803|-23.4840
+31.9360|-107.803|-23.5760
+31.9950|-107.803|-23.5890
+32.4360|-107.846|-23.5760
+32.6140|-107.846|-23.6160
+32.9710|-107.846|-23.6970
+33.0310|-107.846|-23.7100
+33.3280|-107.846|-23.7780
+33.3870|-107.846|-23.7920
+33.6500|-107.833|-23.7420
+33.7090|-107.833|-23.7560
+34.0660|-107.833|-23.8400
+34.1840|-107.833|-23.8680
+34.3030|-107.833|-23.8960
+34.3750|-107.827|-23.8570
+34.6970|-107.815|-23.8230
+34.8160|-107.815|-23.8520
+35.0540|-107.815|-23.9090
+35.1730|-107.815|-23.9380
+35.4230|-107.808|-23.9440
+35.4820|-107.808|-23.9580
+35.6730|-107.802|-23.9500
+35.7330|-107.802|-23.9650
+35.9960|-107.790|-23.9190
+36.1150|-107.790|-23.9490
+36.4250|-107.783|-23.9710
+36.4250|-107.783|-23.9710
+36.7350|-107.777|-23.9940
+36.8540|-107.777|-24.0240
+37.0320|-107.777|-24.0690
+37.0910|-107.777|-24.0850
+37.3100|-107.758|-23.9740
+37.3690|-107.758|-23.9890
+37.6660|-107.758|-24.0660
+37.7390|-107.751|-24.0300
+37.9760|-107.751|-24.0920
+38.0350|-107.751|-24.1080
+38.1540|-107.751|-24.1390
+38.1540|-107.751|-24.1390
+38.4190|-107.738|-24.0980
+38.4780|-107.738|-24.1130
+38.7150|-107.738|-24.1770
+38.7750|-107.738|-24.1930
+38.9670|-107.732|-24.1890
+39.0400|-107.725|-24.1530
+39.3650|-107.712|-24.1290
+39.4830|-107.712|-24.1620
+39.7800|-107.712|-24.2430
+39.8390|-107.712|-24.2590
+40.1050|-107.699|-24.2210
+40.1790|-107.692|-24.1860
+40.5490|-107.686|-24.2330
+40.6080|-107.686|-24.2500
+40.7860|-107.740|-24.3000
+40.8450|-107.740|-24.3170
+41.1560|-107.733|-24.3490
+41.2150|-107.733|-24.3660
+41.4520|-107.733|-24.4340
+41.5260|-107.727|-24.3990
+41.8370|-107.720|-24.4330
+41.8960|-107.720|-24.4500
+42.0740|-107.720|-24.5020
+42.1330|-107.720|-24.5190
+42.3850|-107.713|-24.5370
+42.5030|-107.713|-24.5720
+42.6800|-107.713|-24.6250
+42.7390|-107.713|-24.6420
+42.8140|-107.707|-24.6080
+42.8140|-107.707|-24.6080
+42.9470|-107.700|-24.5920
+43.0060|-107.700|-24.6090
+43.1840|-107.700|-24.6620
+43.2430|-107.700|-24.6800
+43.3610|-107.700|-24.7160
+43.3610|-107.700|-24.7160
+43.4360|-107.693|-24.6820
+43.5100|-107.686|-24.6480
+43.5690|-107.686|-24.6660
+43.6280|-107.686|-24.6840
+43.8650|-107.686|-24.7560
+43.8650|-107.686|-24.7560
+43.9240|-107.686|-24.7740
+43.9240|-107.686|-24.7740
+43.9830|-107.686|-24.7920
+44.0420|-107.686|-24.8100
+44.1010|-107.686|-24.8290
+44.1010|-107.686|-24.8290
+44.1010|-107.686|-24.8290
+44.1010|-107.686|-24.8290
+44.1600|-107.686|-24.8470
+44.2190|-107.686|-24.8650
+44.2780|-107.686|-24.8830
+44.3370|-107.686|-24.9010
+44.4710|-107.679|-24.8860
+44.4710|-107.679|-24.8860
+44.4710|-107.679|-24.8860
+44.4710|-107.679|-24.8860
+44.6050|-107.672|-24.8710
+44.6050|-107.672|-24.8710
+44.7230|-107.672|-24.9080
+44.7230|-107.672|-24.9080
+44.7230|-107.672|-24.9080
+44.7230|-107.672|-24.9080
+44.7980|-107.665|-24.8750
+44.7980|-107.665|-24.8750
+44.7980|-107.665|-24.8750
+44.7980|-107.665|-24.8750
+44.7980|-107.665|-24.8750
+44.7980|-107.665|-24.8750
+44.7980|-107.665|-24.8750
+44.7980|-107.665|-24.8750
+44.7980|-107.665|-24.8750
+44.7980|-107.665|-24.8750
+44.7980|-107.665|-24.8750
+44.7980|-107.665|-24.8750
+44.7980|-107.665|-24.8750
+44.7980|-107.665|-24.8750
+44.7980|-107.665|-24.8750
+44.7980|-107.665|-24.8750
+44.7980|-107.665|-24.8750
+44.7980|-107.665|-24.8750
+44.7980|-107.665|-24.8750
+44.8140|-107.659|-24.8240
+44.8140|-107.659|-24.8240
+44.8140|-107.659|-24.8240
+44.8140|-107.659|-24.8240
+44.8140|-107.659|-24.8240
+44.8140|-107.659|-24.8240
+44.8140|-107.659|-24.8240
+44.8140|-107.659|-24.8240
+44.7550|-107.659|-24.8050
+44.7550|-107.659|-24.8050
+44.7550|-107.659|-24.8050
+44.7550|-107.659|-24.8050
+44.7550|-107.659|-24.8050
+44.7550|-107.659|-24.8050
+44.6960|-107.659|-24.7870
+44.6960|-107.659|-24.7870
+44.6960|-107.659|-24.7870
+44.6960|-107.659|-24.7870
+44.6960|-107.659|-24.7870
+44.6960|-107.659|-24.7870
+44.6960|-107.659|-24.7870
+44.6960|-107.659|-24.7870
+44.6960|-107.659|-24.7870
+44.6960|-107.659|-24.7870
+44.6960|-107.659|-24.7870
+44.6960|-107.659|-24.7870
+44.6800|-107.665|-24.8380
+44.6800|-107.665|-24.8380
+44.6800|-107.665|-24.8380
+44.6800|-107.665|-24.8380
+44.6800|-107.665|-24.8380
+44.6800|-107.665|-24.8380
+44.6640|-107.672|-24.8900
+44.6640|-107.672|-24.8900
+44.6640|-107.672|-24.8900
+44.6640|-107.672|-24.8900
+44.6640|-107.672|-24.8900
+44.6480|-107.679|-24.9410
+44.6480|-107.679|-24.9410
+44.6480|-107.679|-24.9410
+44.6320|-107.686|-24.9930
+44.6320|-107.686|-24.9930
+44.6310|-107.632|-24.9930
+44.6150|-107.638|-25.0450
+44.6150|-107.638|-25.0450
+44.5990|-107.645|-25.0960
+44.5830|-107.652|-25.1480
+44.5670|-107.659|-25.1990
+44.5670|-107.659|-25.1990
+44.5670|-107.659|-25.1990
+44.5670|-107.659|-25.1990
+44.5670|-107.659|-25.1990
+44.5670|-107.659|-25.1990
+44.5670|-107.659|-25.1990
+44.5670|-107.659|-25.1990
+44.5670|-107.659|-25.1990
+44.5510|-107.666|-25.2510
+44.5510|-107.666|-25.2510
+44.5510|-107.666|-25.2510
+44.5510|-107.666|-25.2510
+44.6100|-107.666|-25.2690
+44.6100|-107.666|-25.2690
+44.6100|-107.666|-25.2690
+44.6100|-107.666|-25.2690
+44.6100|-107.666|-25.2690
+44.6100|-107.666|-25.2690
+44.6690|-107.666|-25.2870
+44.6690|-107.666|-25.2870
+44.6530|-107.672|-25.3390
+44.6530|-107.672|-25.3390
+44.6960|-107.679|-25.4090
+44.6960|-107.679|-25.4090
+44.6960|-107.625|-25.4090
+44.6790|-107.631|-25.4610
+44.6790|-107.631|-25.4610
+44.6790|-107.631|-25.4610
+44.6630|-107.638|-25.5120
+44.6630|-107.638|-25.5120
+44.6630|-107.638|-25.5120
+44.6630|-107.638|-25.5120
+44.6470|-107.645|-25.5640
+44.7060|-107.645|-25.5820
+44.7060|-107.645|-25.5820
+44.7060|-107.645|-25.5820
+44.7650|-107.645|-25.6000
+44.7650|-107.645|-25.6000
+44.7750|-107.664|-25.7730
+44.7430|-107.677|-25.8760
+44.7530|-107.697|-26.0490
+44.7530|-107.697|-26.0490
+44.7200|-107.710|-26.1520
+44.6880|-107.723|-26.2550
+44.6230|-107.748|-26.4610
+44.6070|-107.754|-26.5120
+44.6000|-107.779|-26.7360
+44.5840|-107.785|-26.7880
+44.5610|-107.815|-27.0640
+44.6030|-107.822|-27.1340
+44.6450|-107.828|-27.2030
+44.6450|-107.828|-27.2030
+44.7210|-107.863|-27.5670
+44.7790|-107.863|-27.5860
+44.7710|-107.886|-27.8100
+44.7550|-107.946|-27.8610
+44.7630|-107.964|-28.0340
+44.7630|-107.964|-28.0340
+44.7140|-107.981|-28.1890
+44.6970|-107.986|-28.2400
+44.7060|-108.003|-28.4130
+44.6730|-108.014|-28.5160
+44.6400|-108.025|-28.6190
+44.6230|-108.030|-28.6700
+44.5740|-108.046|-28.8250
+44.5740|-108.046|-28.8250
+44.6060|-108.073|-29.1190
+44.5900|-108.078|-29.1710
+44.4910|-108.109|-29.4800
+44.4580|-108.119|-29.5830
+44.4080|-108.134|-29.7370
+44.3920|-108.139|-29.7890
+44.3420|-108.154|-29.9430
+44.3250|-108.104|-29.9960
+44.2590|-108.124|-30.2020
+44.2590|-108.124|-30.2020
+44.2260|-108.133|-30.3050
+44.2100|-108.138|-30.3560
+44.1930|-108.142|-30.4080
+44.1770|-108.147|-30.4590
+44.1840|-108.161|-30.6320
+44.1670|-108.166|-30.6840
+44.1180|-108.179|-30.8390
+44.1180|-108.179|-30.8390
+44.0680|-108.193|-30.9930
+44.0520|-108.197|-31.0450
+44.0580|-108.210|-31.2180
+44.0250|-108.219|-31.3210
+44.0880|-108.232|-31.5120
+44.0710|-108.236|-31.5630
+44.1110|-108.240|-31.6330
+44.1670|-108.240|-31.6510
+44.2630|-108.190|-31.7400
+44.2630|-108.190|-31.7400
+44.3420|-108.198|-31.8790
+44.3420|-108.198|-31.8790
+44.4030|-108.211|-32.0700
+44.3870|-108.215|-32.1220
+44.3870|-108.215|-32.1220
+44.3700|-108.219|-32.1730
+44.3750|-108.176|-32.3460
+44.3420|-108.184|-32.4500
+44.3980|-108.184|-32.4680
+44.3980|-108.184|-32.4680
+44.4420|-108.200|-32.7100
+44.4250|-108.204|-32.7620
+44.4470|-108.211|-32.8830
+44.4300|-108.215|-32.9350
+44.4350|-108.226|-33.1070
+44.4010|-108.233|-33.2100
+44.4060|-108.298|-33.3830
+44.3890|-108.302|-33.4340
+44.2870|-108.323|-33.7430
+44.3090|-108.330|-33.8650
+44.2750|-108.336|-33.9680
+44.2750|-108.336|-33.9680
+44.1900|-108.353|-34.2250
+44.1220|-108.365|-34.4310
+44.1220|-108.365|-34.4310
+44.0370|-108.381|-34.6890
+44.0750|-108.384|-34.7580
+44.0410|-108.390|-34.8620
+44.0790|-108.393|-34.9310
+44.0450|-108.398|-35.0340
+44.0280|-108.401|-35.0860
+43.9800|-108.418|-35.4130
+43.9800|-108.418|-35.4130
+43.9460|-108.423|-35.5160
+43.9120|-108.429|-35.6190
+43.8610|-108.436|-35.7740
+43.8440|-108.439|-35.8250
+43.8100|-108.444|-35.9280
+43.7760|-108.449|-36.0310
+43.6910|-108.461|-36.2890
+43.6910|-108.461|-36.2890
+43.6910|-108.461|-36.2890
+43.6910|-108.461|-36.2890
+43.6730|-108.409|-36.3410
+43.6930|-108.414|-36.4620
+43.6930|-108.414|-36.4620
+43.7300|-108.361|-36.5320
+43.7300|-108.361|-36.5320
+43.7670|-108.309|-36.6020
+43.7670|-108.309|-36.6020
+43.8040|-108.257|-36.6730
+43.8040|-108.257|-36.6730
+43.8410|-108.205|-36.7430
+43.8950|-108.205|-36.7610
+43.9320|-108.153|-36.8310
+43.9320|-108.153|-36.8310
+43.9680|-108.100|-36.9010
+43.9680|-108.100|-36.9010
+44.0050|-108.048|-36.9710
+43.9880|-108.050|-37.0230
+44.0240|-107.998|-37.0930
+44.0070|-108.000|-37.1450
+43.9940|-108.014|-37.5410
+44.0300|-108.016|-37.6110
+44.0490|-108.019|-37.7320
+44.0850|-108.021|-37.8010
+44.0360|-108.091|-38.3000
+44.0190|-108.093|-38.3510
+44.1270|-108.206|-38.5590
+44.1630|-108.208|-38.6280
+44.1300|-108.273|-39.0750
+44.1480|-108.276|-39.1960
+44.1830|-108.335|-39.4370
+44.2190|-108.337|-39.5070
+44.2010|-108.399|-39.9020
+44.1660|-108.401|-40.0050
+44.2180|-108.461|-40.3670
+44.3050|-108.461|-40.4550
+44.3400|-108.517|-40.5240
+44.3570|-108.518|-40.6450
+44.3370|-108.523|-41.0410
+44.3720|-108.578|-41.1100
+44.3700|-108.579|-41.2820
+44.3530|-108.580|-41.3330
+44.2970|-108.583|-41.6590
+44.2970|-108.583|-41.6590
+44.2780|-108.638|-41.8820
+44.2600|-108.638|-41.9330
+44.3280|-108.639|-42.0720
+44.3440|-108.639|-42.1930
+44.3750|-108.640|-42.4340
+44.4090|-108.640|-42.5040
+44.5090|-108.640|-42.7120
+44.5430|-108.640|-42.7820
+44.5920|-108.639|-42.9720
+44.5550|-108.639|-43.0750
+44.6220|-108.639|-43.2140
+44.6030|-108.639|-43.2650
+44.6330|-108.638|-43.5060
+44.6660|-108.637|-43.5760
+44.7320|-108.637|-43.7150
+44.7140|-108.636|-43.7660
+44.7240|-108.634|-44.0580
+44.7570|-108.633|-44.1280
+44.8400|-108.633|-44.2160
+44.8550|-108.632|-44.3370
+44.8640|-108.628|-44.6290
+44.8640|-108.628|-44.6290
+44.9290|-108.627|-44.7680
+44.9100|-108.626|-44.8190
+44.9690|-108.622|-45.1300
+45.0010|-108.621|-45.1990
+45.0140|-108.619|-45.3200
+44.9960|-108.618|-45.3710
+44.9400|-108.615|-45.5240
+44.9210|-108.614|-45.5750
+44.9160|-108.611|-45.7460
+44.9470|-108.610|-45.8160
+44.8670|-108.601|-46.1910
+44.8480|-108.600|-46.2420
+44.8290|-108.599|-46.2930
+44.8100|-108.597|-46.3440
+44.7170|-108.590|-46.5990
+44.6980|-108.589|-46.6500
+44.7110|-108.586|-46.7710
+44.6920|-108.584|-46.8220
+44.6360|-108.579|-46.9750
+44.5980|-108.576|-47.0760
+44.6100|-108.572|-47.1970
+44.6100|-108.572|-47.1970
+44.5540|-108.567|-47.3500
+44.5350|-108.565|-47.4010
+44.5290|-108.614|-47.5710
+44.5600|-108.612|-47.6410
+44.5220|-108.608|-47.7420
+44.5530|-108.606|-47.8120
+44.4590|-108.596|-48.0660
+44.4590|-108.596|-48.0660
+44.4210|-108.592|-48.1680
+44.3830|-108.588|-48.2700
+44.3570|-108.579|-48.4920
+44.3390|-108.577|-48.5430
+44.3120|-108.567|-48.7650
+44.2940|-108.565|-48.8160
+44.1800|-108.550|-49.1210
+44.2110|-108.548|-49.1900
+44.2220|-108.543|-49.3100
+44.2030|-108.540|-49.3610
+44.1760|-108.529|-49.5830
+44.1870|-108.524|-49.7030
+44.1790|-108.570|-49.8730
+44.1600|-108.567|-49.9240
+44.1330|-108.556|-50.1450
+44.1630|-108.553|-50.2140
+44.2220|-108.547|-50.3520
+44.2030|-108.544|-50.4030
+44.2040|-108.529|-50.6930
+44.1850|-108.525|-50.7440
+44.2630|-108.522|-50.8310
+44.2440|-108.519|-50.8820
+44.2340|-108.509|-51.0520
+44.2440|-108.503|-51.1720
+44.2350|-108.493|-51.3420
+44.2350|-108.493|-51.3420
+44.2350|-108.476|-51.6320
+44.2160|-108.472|-51.6830
+44.2730|-108.465|-51.8210
+44.2540|-108.462|-51.8720
+44.2250|-108.447|-52.0920
+44.2530|-108.444|-52.1610
+44.2620|-108.436|-52.2810
+44.2620|-108.436|-52.2810
+44.2520|-108.425|-52.4510
+44.2130|-108.417|-52.5520
+44.2700|-108.410|-52.6900
+44.2510|-108.406|-52.7410
+44.2400|-108.394|-52.9110
+44.2680|-108.390|-52.9790
+44.2570|-108.378|-53.1490
+44.2380|-108.374|-53.2000
+44.2460|-108.366|-53.3190
+44.2270|-108.362|-53.3700
+44.2160|-108.349|-53.5400
+44.2630|-108.349|-53.5580
+44.2510|-108.336|-53.7280
+44.2790|-108.332|-53.7960
+44.3340|-108.324|-53.9340
+44.3140|-108.319|-53.9840
+44.3220|-108.310|-54.1040
+44.3030|-108.306|-54.1540
+44.2910|-108.293|-54.3240
+44.2910|-108.293|-54.3240
+44.2320|-108.279|-54.4750
+44.2120|-108.274|-54.5260
+44.1930|-108.270|-54.5760
+44.1730|-108.265|-54.6270
+44.1810|-108.256|-54.7460
+44.2080|-108.251|-54.8140
+44.2150|-108.242|-54.9330
+44.1960|-108.237|-54.9840
+44.2300|-108.223|-55.1710
+44.2300|-108.223|-55.1710
+44.2830|-108.213|-55.3090
+44.2630|-108.208|-55.3590
+44.2700|-108.198|-55.4780
+44.2970|-108.193|-55.5470
+44.2970|-108.193|-55.5470
+44.3300|-108.179|-55.7340
+44.3300|-108.179|-55.7340
+44.3830|-108.168|-55.8710
+44.3630|-108.163|-55.9220
+44.4160|-108.153|-56.0590
+44.3960|-108.148|-56.1090
+44.4220|-108.143|-56.1780
+44.4680|-108.143|-56.1960
+44.5010|-108.127|-56.3830
+44.4810|-108.122|-56.4340
+44.4670|-108.160|-56.6020
+44.4930|-108.155|-56.6710
+44.3930|-108.128|-56.9220
+44.3930|-108.128|-56.9220
+44.2930|-108.101|-57.1730
+44.2530|-108.089|-57.2730
+44.1930|-108.072|-57.4240
+44.1730|-108.067|-57.4740
+44.1590|-108.104|-57.6420
+44.1390|-108.098|-57.6930
+44.0780|-108.081|-57.8430
+44.0580|-108.075|-57.8930
+44.0640|-108.063|-58.0120
+44.0440|-108.057|-58.0620
+43.9840|-108.039|-58.2120
+43.9840|-108.039|-58.2120
+43.9690|-108.021|-58.3810
+43.9690|-108.021|-58.3810
+43.9140|-107.990|-58.6500
+43.9590|-107.990|-58.6680
+43.8990|-107.972|-58.8180
+43.8780|-107.965|-58.8680
+43.8380|-107.953|-58.9680
+43.8380|-107.953|-58.9680
+43.7780|-107.934|-59.1190
+43.7780|-107.934|-59.1190
+43.7380|-107.921|-59.2190
+43.7380|-107.921|-59.2190
+43.7230|-107.902|-59.3870
+43.7020|-107.895|-59.4370
+43.6870|-107.875|-59.6050
+43.6870|-107.875|-59.6050
+43.6670|-107.869|-59.6550
+43.6270|-107.856|-59.7550
+43.6270|-107.856|-59.7550
+43.5860|-107.842|-59.8550
+43.5860|-107.842|-59.8550
+43.5660|-107.836|-59.9050
+43.5660|-107.836|-59.9050
+43.5660|-107.836|-59.9050
+43.5660|-107.890|-59.9050
+43.5660|-107.890|-59.9050
+43.5660|-107.890|-59.9050
+43.5660|-107.890|-59.9050
+43.5660|-107.890|-59.9050
+43.5220|-107.890|-59.8870
+43.5220|-107.890|-59.8870
+43.5220|-107.890|-59.8870
+43.4770|-107.890|-59.8690
+43.4770|-107.890|-59.8690
+43.4770|-107.890|-59.8690
+43.4330|-107.890|-59.8510
+43.3880|-107.944|-59.8330
+43.3880|-107.944|-59.8330
+43.3440|-107.944|-59.8150
+43.3440|-107.944|-59.8150
+43.2990|-107.944|-59.7970
+43.2990|-107.944|-59.7970
+43.1850|-107.951|-59.6940
+43.1850|-107.951|-59.6940
+43.1400|-107.951|-59.6760
+43.0960|-107.951|-59.6590
+43.0260|-107.958|-59.5730
+43.0260|-107.958|-59.5730
+42.9360|-107.958|-59.5380
+42.9360|-107.958|-59.5380
+42.8470|-107.958|-59.5020
+42.8020|-107.958|-59.4850
+42.7570|-107.958|-59.4670
+42.7130|-107.958|-59.4500
+42.6680|-107.958|-59.4320
+42.6230|-107.903|-59.4150
+42.5780|-107.903|-59.3970
+42.5780|-107.903|-59.3970
+42.5780|-107.903|-59.3970
+42.5780|-107.903|-59.3970
+42.5780|-107.903|-59.3970
+42.5780|-107.903|-59.3970
+42.5780|-107.903|-59.3970
+42.5780|-107.903|-59.3970
+42.5780|-107.903|-59.3970
+42.5780|-107.903|-59.3970
+42.5780|-107.903|-59.3970
+42.5780|-107.903|-59.3970
+42.5780|-107.903|-59.3970
+42.5780|-107.903|-59.3970
+42.5780|-107.903|-59.3970
+42.5780|-107.903|-59.3970
+42.5780|-107.903|-59.3970
+42.5780|-107.903|-59.3970
+42.5330|-107.903|-59.3800
+42.5330|-107.903|-59.3800
+42.5330|-107.903|-59.3800
+42.5330|-107.903|-59.3800
+42.4890|-107.903|-59.3620
+42.4890|-107.903|-59.3620
+42.4890|-107.903|-59.3620
+42.4890|-107.903|-59.3620
+42.4890|-107.903|-59.3620
+42.4890|-107.903|-59.3620
+42.4890|-107.903|-59.3620
+42.4890|-107.903|-59.3620
+42.4890|-107.903|-59.3620
+42.4890|-107.903|-59.3620
+42.4440|-107.903|-59.3450
+42.4440|-107.903|-59.3450
+42.4440|-107.903|-59.3450
+42.4440|-107.903|-59.3450
+42.3990|-107.903|-59.3280
+42.3990|-107.903|-59.3280
+42.3540|-107.903|-59.3100
+42.3540|-107.903|-59.3100
+42.3540|-107.903|-59.3100
+42.3540|-107.903|-59.3100
+42.3090|-107.903|-59.2930
+42.3090|-107.903|-59.2930
+42.3090|-107.903|-59.2930
+42.3090|-107.903|-59.2930
+42.2640|-107.903|-59.2750
+42.2640|-107.903|-59.2750
+42.1750|-107.903|-59.2410
+42.1750|-107.903|-59.2410
+42.0850|-107.903|-59.2060
+42.0400|-107.903|-59.1890
+41.9050|-107.903|-59.1370
+41.8600|-107.903|-59.1200
+41.7260|-107.903|-59.0680
+41.6810|-107.903|-59.0510
+41.5910|-107.903|-59.0170
+41.5460|-107.903|-59.0000
+41.4110|-107.903|-58.9480
+41.3210|-107.903|-58.9140
+41.1410|-107.903|-58.8470
+41.0510|-107.903|-58.8130
+40.8710|-107.903|-58.7450
+40.8260|-107.958|-58.7280
+40.6450|-107.958|-58.6610
+40.6000|-107.958|-58.6450
+40.4200|-107.958|-58.5780
+40.3290|-107.958|-58.5450
+40.1490|-107.958|-58.4790
+40.1040|-107.958|-58.4620
+39.9230|-107.958|-58.3960
+39.8320|-107.958|-58.3630
+39.6510|-107.958|-58.2980
+39.5610|-107.958|-58.2650
+39.2440|-107.958|-58.1520
+39.1980|-107.958|-58.1360
+38.9260|-107.958|-58.0400
+38.8360|-107.958|-58.0080
+38.4730|-107.958|-57.8800
+38.3820|-107.958|-57.8490
+38.0630|-107.958|-57.7390
+37.9270|-107.958|-57.6920
+37.5630|-107.958|-57.5680
+37.4720|-107.958|-57.5370
+37.1980|-107.958|-57.4450
+37.0610|-107.958|-57.3990
+36.6790|-107.951|-57.3290
+36.5420|-107.951|-57.2840
+36.2060|-107.944|-57.2300
+36.1140|-107.944|-57.2010
+35.7030|-107.944|-57.0680
+35.5650|-107.944|-57.0240
+35.2450|-107.944|-56.9220
+35.1370|-107.938|-56.9440
+34.8160|-107.938|-56.8440
+34.6620|-107.931|-56.8520
+34.2500|-107.931|-56.7250
+34.1120|-107.931|-56.6830
+33.7900|-107.931|-56.5850
+33.6980|-107.931|-56.5570
+33.3150|-107.924|-56.4980
+33.2080|-107.917|-56.5230
+32.8860|-107.917|-56.4280
+32.8400|-107.917|-56.4140
+32.4870|-107.904|-56.4240
+32.3800|-107.897|-56.4490
+31.9970|-107.890|-56.3950
+31.9050|-107.890|-56.3680
+31.5530|-107.876|-56.3810
+31.4610|-107.876|-56.3550
+31.0640|-107.862|-56.3560
+30.9720|-107.862|-56.3300
+30.6210|-107.903|-56.3450
+30.5290|-107.903|-56.3200
+30.1920|-107.896|-56.2850
+30.0860|-107.889|-56.3120
+29.6710|-107.889|-56.2010
+29.5790|-107.889|-56.1770
+29.2890|-107.881|-56.1560
+29.1830|-107.874|-56.1850
+28.9060|-107.874|-56.1130
+28.8000|-107.867|-56.1410
+28.4640|-107.860|-56.1110
+28.3710|-107.860|-56.0880
+28.0350|-107.853|-56.0590
+27.9430|-107.853|-56.0360
+27.6070|-107.846|-56.0080
+27.4680|-107.846|-55.9740
+27.1320|-107.839|-55.9480
+26.9930|-107.839|-55.9150
+26.6230|-107.839|-55.8260
+26.5180|-107.831|-55.8570
+26.1480|-107.831|-55.7700
+26.0430|-107.824|-55.8010
+25.6730|-107.824|-55.7160
+25.5800|-107.824|-55.6950
+25.3020|-107.824|-55.6320
+25.2440|-107.817|-55.6750
+25.0120|-107.817|-55.6230
+24.9200|-107.817|-55.6020
+24.6300|-107.810|-55.5940
+24.5370|-107.810|-55.5740
+24.3050|-107.810|-55.5230
+24.2480|-107.802|-55.5660
+23.9690|-107.802|-55.5070
+23.8760|-107.802|-55.4870
+23.5870|-107.795|-55.4810
+23.4940|-107.795|-55.4620
+23.2050|-107.787|-55.4570
+23.1580|-107.787|-55.4470
+22.9260|-107.787|-55.4000
+22.8220|-107.780|-55.4340
+22.5900|-107.780|-55.3870
+22.5440|-107.780|-55.3780
+22.3010|-107.773|-55.3850
+22.2080|-107.773|-55.3660
+21.6870|-107.765|-55.3200
+21.6400|-107.765|-55.3110
+21.3410|-107.750|-55.3640
+21.2950|-107.805|-55.3540
+20.9130|-107.797|-55.3380
+20.8200|-107.797|-55.3210
+20.5320|-107.790|-55.3230
+20.4290|-107.782|-55.3590
+20.2900|-107.782|-55.3340
+20.1970|-107.782|-55.3170
+19.9090|-107.775|-55.3210
+19.8160|-107.775|-55.3040
+19.5280|-107.767|-55.3090
+19.4350|-107.767|-55.2930
+19.0910|-107.752|-55.3430
+18.9980|-107.752|-55.3280
+18.7570|-107.744|-55.3420
+18.6550|-107.737|-55.3800
+18.4140|-107.729|-55.3950
+18.3680|-107.729|-55.3870
+17.9880|-107.721|-55.3800
+17.9330|-107.713|-55.4260
+17.7390|-107.706|-55.4500
+17.6460|-107.706|-55.4350
+17.4050|-107.698|-55.4520
+17.3590|-107.698|-55.4450
+17.1110|-107.682|-55.5160
+17.0180|-107.682|-55.5020
+16.6390|-107.674|-55.5000
+16.5460|-107.674|-55.4860
+16.2990|-107.659|-55.5590
+16.2520|-107.659|-55.5520
+15.9660|-107.651|-55.5660
+15.8730|-107.651|-55.5530
+15.6810|-107.643|-55.5800
+15.5880|-107.643|-55.5670
+15.3090|-107.643|-55.5290
+15.2560|-107.635|-55.5760
+14.7320|-107.619|-55.6150
+14.6390|-107.619|-55.6030
+14.3080|-107.611|-55.6140
+14.2150|-107.611|-55.6020
+13.9760|-107.603|-55.6270
+13.8770|-107.595|-55.6690
+13.5530|-107.595|-55.6290
+13.4540|-107.587|-55.6710
+13.2220|-107.587|-55.6440
+13.1230|-107.579|-55.6870
+12.9840|-107.579|-55.6700
+12.8910|-107.579|-55.6600
+12.6480|-107.562|-55.7400
+12.5550|-107.562|-55.7300
+12.3700|-107.562|-55.7090
+12.2710|-107.554|-55.7530
+11.9940|-107.554|-55.7230
+11.8950|-107.546|-55.7660
+11.6640|-107.546|-55.7420
+11.5710|-107.546|-55.7330
+11.3340|-107.538|-55.7630
+11.2420|-107.538|-55.7530
+10.8710|-107.592|-55.7170
+10.7790|-107.592|-55.7080
+10.5010|-107.592|-55.6810
+10.4080|-107.592|-55.6730
+10.0330|-107.584|-55.6930
+9.94000|-107.584|-55.6840
+9.70800|-107.584|-55.6640
+9.61600|-107.584|-55.6560
+9.24000|-107.576|-55.6790
+9.14800|-107.576|-55.6710
+8.81900|-107.567|-55.6990
+8.72600|-107.567|-55.6920
+8.35200|-107.559|-55.7170
+8.25900|-107.559|-55.7100
+8.02400|-107.551|-55.7470
+7.97400|-107.542|-55.7970
+7.73900|-107.534|-55.8350
+7.64600|-107.534|-55.8280
+7.36500|-107.526|-55.8640
+7.26900|-107.517|-55.9110
+6.98800|-107.509|-55.9470
+6.89600|-107.509|-55.9410
+6.42700|-107.492|-56.0210
+6.28900|-107.492|-56.0130
+6.00900|-107.483|-56.0520
+5.91400|-107.475|-56.1000
+5.63400|-107.466|-56.1400
+5.53900|-107.458|-56.1890
+5.21400|-107.449|-56.2270
+5.11900|-107.440|-56.2760
+4.88600|-107.432|-56.3200
+4.79200|-107.423|-56.3690
+4.46500|-107.406|-56.4630
+4.41900|-107.406|-56.4610
+4.14100|-107.397|-56.5040
+4.04700|-107.388|-56.5540
+3.76800|-107.371|-56.6520
+3.67400|-107.362|-56.7030
+3.30500|-107.353|-56.7450
+3.21200|-107.344|-56.7960
+2.88900|-107.335|-56.8400
+2.75000|-107.327|-56.8900
+2.38400|-107.381|-56.8820
+2.29100|-107.372|-56.9330
+2.01500|-107.363|-56.9820
+1.92400|-107.363|-56.9800
+1.55600|-107.354|-57.0280
+1.46500|-107.354|-57.0270
+1.19000|-107.345|-57.0770
+1.09800|-107.345|-57.0760
+0.82400|-107.345|-57.0740
+0.73200|-107.345|-57.0730
+0.45700|-107.336|-57.1250
+0.36600|-107.336|-57.1250
+0.13700|-107.336|-57.1240
+0.04600|-107.336|-57.1240
-0.27400|-107.336|-57.1240
-0.32000|-107.336|-57.1250
-0.59500|-107.336|-57.1260
-0.68600|-107.336|-57.1260
-1.00600|-107.336|-57.1290
-1.09800|-107.336|-57.1300
-1.32600|-107.336|-57.1320
-1.41800|-107.336|-57.1330
-1.64600|-107.336|-57.1360
-1.69200|-107.336|-57.1370
-1.96600|-107.327|-57.1950
-2.05700|-107.327|-57.1970
-2.24000|-107.327|-57.2000
-2.28600|-107.327|-57.2010
-2.51300|-107.318|-57.2600
-2.55900|-107.318|-57.2610
-2.74100|-107.318|-57.2650
-2.83300|-107.318|-57.2670
-3.01400|-107.309|-57.3260
-3.10500|-107.309|-57.3280
-3.28800|-107.309|-57.3340
-3.33300|-107.309|-57.3350
-3.56200|-107.309|-57.3420
-3.60700|-107.309|-57.3430
-3.83600|-107.309|-57.3510
-3.88100|-107.309|-57.3530
-4.10900|-107.309|-57.3610
-4.20100|-107.309|-57.3640
-4.38100|-107.300|-57.4250
-4.42700|-107.300|-57.4270
-4.60900|-107.300|-57.4340
-4.65500|-107.300|-57.4360
-4.83200|-107.282|-57.5510
-4.87800|-107.282|-57.5530
-5.01500|-107.282|-57.5590
-5.19400|-107.273|-57.6210
-5.24000|-107.273|-57.6230
-5.37700|-107.273|-57.6300
-5.42200|-107.273|-57.6320
-5.55900|-107.273|-57.6390
-5.55900|-107.273|-57.6390
-5.69500|-107.273|-57.6460
-5.74100|-107.273|-57.6480
-5.83200|-107.273|-57.6530
-5.87700|-107.273|-57.6550
-5.96800|-107.273|-57.6600
-5.96800|-107.273|-57.6600
-6.05900|-107.273|-57.6650
-6.10500|-107.273|-57.6670
-6.24100|-107.273|-57.6750
-6.28700|-107.273|-57.6780
-6.37800|-107.273|-57.6830
-6.42300|-107.273|-57.6850
-6.46900|-107.273|-57.6880
-6.60500|-107.273|-57.6960
-6.65100|-107.273|-57.6990
-6.69600|-107.273|-57.7020
-6.83300|-107.273|-57.7100
-6.87800|-107.273|-57.7130
-6.96900|-107.273|-57.7180
-6.96900|-107.273|-57.7180
-7.06000|-107.273|-57.7240
-7.10600|-107.273|-57.7270
-7.24200|-107.273|-57.7360
-7.28800|-107.273|-57.7390
-7.37900|-107.273|-57.7450
-7.42400|-107.273|-57.7480
-7.51500|-107.273|-57.7540
-7.56100|-107.273|-57.7570
-7.65200|-107.273|-57.7640
-7.69700|-107.273|-57.7670
-7.83400|-107.273|-57.7760
-7.87900|-107.273|-57.7800
-7.97000|-107.273|-57.7860
-8.01500|-107.273|-57.7890
-8.10600|-107.273|-57.7960
-8.15200|-107.273|-57.7990
-8.24300|-107.273|-57.8060
-8.28800|-107.273|-57.8090
-8.37900|-107.273|-57.8160
-8.42400|-107.273|-57.8200
-8.51500|-107.273|-57.8270
-8.56100|-107.273|-57.8300
-8.60600|-107.273|-57.8340
-8.65200|-107.273|-57.8370
-8.74300|-107.273|-57.8440
-8.74300|-107.273|-57.8440
-8.83300|-107.273|-57.8520
-8.83300|-107.273|-57.8520
-8.87900|-107.273|-57.8550
-8.87900|-107.273|-57.8550
-8.97000|-107.273|-57.8630
-9.01500|-107.273|-57.8660
-9.06100|-107.273|-57.8700
-9.06100|-107.273|-57.8700
-9.10600|-107.273|-57.8740
-9.10600|-107.273|-57.8740
-9.15200|-107.273|-57.8780
-9.15200|-107.273|-57.8780
-9.24200|-107.273|-57.8850
-9.24200|-107.273|-57.8850
-9.33300|-107.273|-57.8930
-9.37900|-107.273|-57.8970
-9.46900|-107.273|-57.9040
-9.46900|-107.273|-57.9040
-9.60600|-107.273|-57.9160
-9.65100|-107.273|-57.9200
-9.69700|-107.273|-57.9240
-9.74200|-107.273|-57.9280
-9.83300|-107.273|-57.9360
-9.87800|-107.273|-57.9400
-10.0140|-107.273|-57.9520
-10.0600|-107.273|-57.9570
-10.1960|-107.273|-57.9690
-10.2410|-107.273|-57.9730
-10.3770|-107.273|-57.9860
-10.4230|-107.273|-57.9900
-10.5590|-107.273|-58.0030
-10.6040|-107.273|-58.0080
-10.8310|-107.273|-58.0300
-10.8770|-107.273|-58.0340
-11.1030|-107.273|-58.0570
-11.1940|-107.273|-58.0660
-11.3750|-107.273|-58.0840
-11.4210|-107.273|-58.0890
-11.6470|-107.273|-58.1130
-11.6930|-107.273|-58.1180
-11.9190|-107.273|-58.1420
-11.9650|-107.273|-58.1470
-12.0550|-107.273|-58.1570
-12.1010|-107.273|-58.1620
-12.2370|-107.273|-58.1770
-12.2820|-107.273|-58.1820
-12.4120|-107.263|-58.2500
-12.4570|-107.263|-58.2550
-12.5480|-107.263|-58.2650
-12.5870|-107.254|-58.3240
-12.6770|-107.254|-58.3340
-12.6770|-107.254|-58.3340
-12.7160|-107.245|-58.3930
-12.7610|-107.245|-58.3980
-12.8070|-107.245|-58.4030
-12.8000|-107.236|-58.4560
-12.8460|-107.236|-58.4620
-12.8390|-107.226|-58.5150
-12.8850|-107.226|-58.5200
-12.8780|-107.217|-58.5730
-12.8720|-107.208|-58.6260
-12.8720|-107.208|-58.6260
-12.8660|-107.198|-58.6800
-12.8210|-107.198|-58.6740
-12.8150|-107.189|-58.7270
-12.8150|-107.189|-58.7270
-12.8150|-107.189|-58.7270
-12.8080|-107.180|-58.7810
-12.8080|-107.180|-58.7810
-12.8080|-107.180|-58.7810
-12.8020|-107.170|-58.8340
-12.8020|-107.170|-58.8340
-12.8020|-107.170|-58.8340
-12.8020|-107.170|-58.8340
-12.7960|-107.161|-58.8870
-12.7510|-107.161|-58.8820
-12.7510|-107.161|-58.8820
-12.7510|-107.161|-58.8820
-12.7510|-107.161|-58.8820
-12.7510|-107.161|-58.8820
-12.7450|-107.152|-58.9350
-12.7450|-107.152|-58.9350
-12.7390|-107.142|-58.9880
-12.7390|-107.142|-58.9880
-12.7390|-107.142|-58.9880
-12.7390|-107.142|-58.9880
-12.6940|-107.142|-58.9830
-12.6940|-107.142|-58.9830
-12.6870|-107.133|-59.0360
-12.6420|-107.133|-59.0310
-12.6420|-107.133|-59.0310
-12.6420|-107.133|-59.0310
-12.5980|-107.133|-59.0260
-12.5980|-107.133|-59.0260
-12.5980|-107.133|-59.0260
-12.5980|-107.133|-59.0260
-12.5980|-107.133|-59.0260
-12.5980|-107.133|-59.0260
-12.5980|-107.133|-59.0260
-12.5980|-107.133|-59.0260
-12.5530|-107.133|-59.0200
-12.5530|-107.133|-59.0200
-12.5530|-107.133|-59.0200
-12.5530|-107.133|-59.0200
-12.5530|-107.133|-59.0200
-12.5530|-107.133|-59.0200
-12.5530|-107.133|-59.0200
-12.5530|-107.133|-59.0200
-12.5530|-107.133|-59.0200
-12.5530|-107.133|-59.0200
-12.5530|-107.133|-59.0200
-12.5530|-107.133|-59.0200
-12.5530|-107.133|-59.0200
-12.5530|-107.133|-59.0200
-12.5530|-107.133|-59.0200
-12.5530|-107.133|-59.0200
-12.5530|-107.133|-59.0200
-12.5530|-107.133|-59.0200
-12.5530|-107.133|-59.0200
-12.5530|-107.133|-59.0200
-12.5530|-107.133|-59.0200
-12.5530|-107.133|-59.0200
-12.5530|-107.133|-59.0200
-12.5530|-107.133|-59.0200
-12.5530|-107.133|-59.0200
-12.5530|-107.133|-59.0200
-12.5530|-107.133|-59.0200
-12.5530|-107.133|-59.0200
-12.5530|-107.133|-59.0200
-12.5530|-107.133|-59.0200
-12.5530|-107.133|-59.0200
-12.5530|-107.133|-59.0200
-12.5530|-107.133|-59.0200
-12.5530|-107.133|-59.0200
-12.5530|-107.133|-59.0200
-12.5530|-107.133|-59.0200
-12.5530|-107.133|-59.0200
-12.5530|-107.133|-59.0200
-12.5530|-107.133|-59.0200
-12.5530|-107.133|-59.0200
-12.5530|-107.133|-59.0200
-12.5530|-107.133|-59.0200
-12.5530|-107.133|-59.0200
-12.5530|-107.133|-59.0200
-12.5530|-107.133|-59.0200
-12.5530|-107.133|-59.0200
-12.5530|-107.133|-59.0200
-12.5530|-107.133|-59.0200
-12.5530|-107.133|-59.0200
-12.5530|-107.133|-59.0200
-12.5530|-107.133|-59.0200
-12.5530|-107.133|-59.0200
-12.5530|-107.133|-59.0200
-12.5530|-107.133|-59.0200
-12.5530|-107.133|-59.0200
-12.5530|-107.133|-59.0200
-12.5530|-107.133|-59.0200
-12.5530|-107.133|-59.0200
-12.5530|-107.133|-59.0200
-12.5530|-107.133|-59.0200
-12.5530|-107.133|-59.0200
-12.5530|-107.133|-59.0200
-12.5530|-107.133|-59.0200
-12.5530|-107.133|-59.0200
-12.5530|-107.133|-59.0200
-12.5530|-107.133|-59.0200
-12.5530|-107.133|-59.0200
-12.5530|-107.133|-59.0200
-12.5530|-107.133|-59.0200
-12.5530|-107.133|-59.0200
-12.5530|-107.133|-59.0200
-12.5530|-107.133|-59.0200
-12.5530|-107.133|-59.0200
-12.5530|-107.133|-59.0200
-12.5530|-107.133|-59.0200
-12.5530|-107.133|-59.0200
-12.5530|-107.133|-59.0200
-12.5530|-107.133|-59.0200
-12.5530|-107.133|-59.0200
-12.5530|-107.133|-59.0200
-12.5530|-107.133|-59.0200
-12.5530|-107.133|-59.0200
-12.5530|-107.133|-59.0200
-12.5530|-107.133|-59.0200
-12.5530|-107.133|-59.0200
-12.5530|-107.133|-59.0200
-12.5530|-107.133|-59.0200
-12.5530|-107.133|-59.0200
-12.5530|-107.133|-59.0200
-12.5530|-107.133|-59.0200
-12.5530|-107.133|-59.0200
-12.5530|-107.133|-59.0200
-12.5530|-107.133|-59.0200
-12.5530|-107.133|-59.0200
-12.5530|-107.133|-59.0200
-12.5530|-107.133|-59.0200
-12.5530|-107.133|-59.0200
-12.5530|-107.133|-59.0200
-12.5530|-107.133|-59.0200
-12.5530|-107.133|-59.0200
-12.5530|-107.133|-59.0200
-12.5530|-107.133|-59.0200
-12.5530|-107.133|-59.0200
-12.5530|-107.133|-59.0200
-12.5530|-107.133|-59.0200
-12.5530|-107.133|-59.0200
-12.5530|-107.133|-59.0200
-12.5530|-107.133|-59.0200
-12.5530|-107.133|-59.0200
-12.5530|-107.133|-59.0200
-12.5530|-107.133|-59.0200
-12.5530|-107.133|-59.0200
-12.5530|-107.133|-59.0200
-12.5530|-107.133|-59.0200
-12.5530|-107.133|-59.0200
-12.5530|-107.133|-59.0200
-12.5530|-107.133|-59.0200
-12.5530|-107.133|-59.0200
-12.5530|-107.133|-59.0200
-12.5530|-107.133|-59.0200
-12.5530|-107.133|-59.0200
-12.5530|-107.133|-59.0200
-12.5530|-107.133|-59.0200
-12.5530|-107.133|-59.0200
-12.5530|-107.133|-59.0200
-12.5530|-107.133|-59.0200
-12.5530|-107.133|-59.0200
-12.5530|-107.133|-59.0200
-12.5530|-107.133|-59.0200
-12.5530|-107.133|-59.0200
-12.5530|-107.133|-59.0200
-12.5530|-107.133|-59.0200
-12.5530|-107.133|-59.0200
-12.5530|-107.133|-59.0200
-12.5530|-107.133|-59.0200
-12.5530|-107.133|-59.0200
-12.5530|-107.133|-59.0200
-12.5530|-107.133|-59.0200
-12.5590|-107.142|-58.9670
-12.6040|-107.142|-58.9720
-12.6040|-107.142|-58.9720
-12.6040|-107.142|-58.9720
-12.6040|-107.142|-58.9720
-12.6040|-107.142|-58.9720
-12.6040|-107.142|-58.9720
-12.6040|-107.142|-58.9720
-12.6040|-107.142|-58.9720
-12.6040|-107.142|-58.9720
-12.6040|-107.142|-58.9720
-12.6040|-107.142|-58.9720
-12.6040|-107.142|-58.9720
-12.6040|-107.142|-58.9720
-12.6040|-107.142|-58.9720
-12.6040|-107.142|-58.9720
-12.6040|-107.142|-58.9720
-12.6100|-107.152|-58.9190
-12.6100|-107.152|-58.9190
-12.6100|-107.152|-58.9190
-12.6100|-107.152|-58.9190
-12.6100|-107.152|-58.9190
-12.6160|-107.161|-58.8660
-12.6160|-107.161|-58.8660
-12.6160|-107.161|-58.8660
-12.6220|-107.170|-58.8130
-12.6220|-107.170|-58.8130
-12.6220|-107.170|-58.8130
-12.6220|-107.170|-58.8130
-12.6280|-107.180|-58.7600
-12.6280|-107.180|-58.7600
-12.6280|-107.180|-58.7600
-12.6340|-107.189|-58.7070
-12.6340|-107.189|-58.7070
-12.6340|-107.189|-58.7070
-12.6400|-107.198|-58.6530
-12.6470|-107.208|-58.6000
-12.6530|-107.217|-58.5470
-12.6530|-107.217|-58.5470
-12.6590|-107.226|-58.4940
-12.6650|-107.236|-58.4410
-12.6710|-107.245|-58.3870
-12.6710|-107.245|-58.3870
-12.6770|-107.254|-58.3340
-12.6830|-107.263|-58.2810
-12.6890|-107.273|-58.2280
-12.6890|-107.273|-58.2280
-12.6960|-107.282|-58.1750
-12.6960|-107.282|-58.1750
-12.7020|-107.291|-58.1210
-12.7080|-107.300|-58.0680
-12.7140|-107.309|-58.0150
-12.7140|-107.309|-58.0150
-12.7200|-107.318|-57.9620
-12.7200|-107.318|-57.9620
-12.7260|-107.327|-57.9090
-12.7260|-107.327|-57.9090
-12.7320|-107.336|-57.8550
-12.7320|-107.336|-57.8550
-12.6930|-107.345|-57.7970
-12.6930|-107.345|-57.7970
-12.6990|-107.354|-57.7440
-12.6990|-107.354|-57.7440
-12.6990|-107.354|-57.7440
-12.6990|-107.354|-57.7440
-12.7050|-107.363|-57.6900
-12.7050|-107.363|-57.6900
-12.7050|-107.363|-57.6900
-12.7110|-107.372|-57.6370
-12.7110|-107.372|-57.6370
-12.7110|-107.372|-57.6370
-12.7170|-107.381|-57.5840
-12.7170|-107.381|-57.5840
-12.7170|-107.381|-57.5840
-12.7170|-107.381|-57.5840
-12.7240|-107.390|-57.5310
-12.7240|-107.390|-57.5310
-12.7240|-107.335|-57.5310
-12.7240|-107.335|-57.5310
-12.7240|-107.335|-57.5310
-12.7300|-107.344|-57.4780
-12.7300|-107.344|-57.4780
-12.7300|-107.344|-57.4780
-12.7300|-107.344|-57.4780
-12.7300|-107.344|-57.4780
-12.6840|-107.344|-57.4720
-12.6840|-107.344|-57.4720
-12.6900|-107.353|-57.4190
-12.6900|-107.353|-57.4190
-12.6900|-107.353|-57.4190
-12.6900|-107.353|-57.4190
-12.6900|-107.353|-57.4190
-12.6900|-107.353|-57.4190
-12.6900|-107.353|-57.4190
-12.6900|-107.353|-57.4190
-12.6900|-107.353|-57.4190
-12.6900|-107.353|-57.4190
-12.6900|-107.353|-57.4190
-12.6900|-107.353|-57.4190
-12.6900|-107.353|-57.4190
-12.6900|-107.353|-57.4190
-12.6900|-107.353|-57.4190
-12.6900|-107.353|-57.4190
-12.6900|-107.353|-57.4190
-12.6900|-107.353|-57.4190
-12.6900|-107.353|-57.4190
-12.6900|-107.353|-57.4190
-12.6900|-107.353|-57.4190
-12.6900|-107.353|-57.4190
-12.6900|-107.353|-57.4190
-12.6900|-107.353|-57.4190
-12.6900|-107.353|-57.4190
-12.6900|-107.353|-57.4190
-12.6900|-107.353|-57.4190
-12.6900|-107.353|-57.4190
-12.6900|-107.353|-57.4190
-12.6900|-107.353|-57.4190
-12.6900|-107.353|-57.4190
-12.6900|-107.353|-57.4190
-12.6900|-107.353|-57.4190
-12.6900|-107.353|-57.4190
-12.6900|-107.353|-57.4190
-12.6900|-107.353|-57.4190
-12.6900|-107.353|-57.4190
-12.6900|-107.353|-57.4190
-12.6900|-107.353|-57.4190
-12.6900|-107.353|-57.4190
-12.6900|-107.353|-57.4190
-12.6900|-107.353|-57.4190
-12.6900|-107.353|-57.4190
-12.6900|-107.353|-57.4190
-12.6900|-107.353|-57.4190
-12.6900|-107.353|-57.4190
-12.6900|-107.353|-57.4190
-12.6900|-107.353|-57.4190
-12.6900|-107.353|-57.4190
-12.6900|-107.353|-57.4190
-12.6900|-107.353|-57.4190
-12.6900|-107.353|-57.4190
-12.6900|-107.353|-57.4190
-12.6900|-107.353|-57.4190
-12.6900|-107.353|-57.4190
-12.6900|-107.353|-57.4190
-12.6900|-107.353|-57.4190
-12.6900|-107.353|-57.4190
-12.6900|-107.353|-57.4190
-12.6900|-107.353|-57.4190
-12.6900|-107.353|-57.4190
-12.6900|-107.353|-57.4190
-12.6900|-107.353|-57.4190
-12.6900|-107.353|-57.4190
-12.6900|-107.353|-57.4190
-12.6900|-107.353|-57.4190
-12.6900|-107.353|-57.4190
-12.6900|-107.353|-57.4190
-12.6900|-107.353|-57.4190
-12.6900|-107.353|-57.4190
-12.6900|-107.353|-57.4190
-12.6900|-107.353|-57.4190
-12.6900|-107.353|-57.4190
-12.6900|-107.353|-57.4190
-12.6900|-107.353|-57.4190
-12.6900|-107.353|-57.4190
-12.6900|-107.353|-57.4190
-12.6900|-107.353|-57.4190
-12.6900|-107.353|-57.4190
-12.6900|-107.353|-57.4190
-12.6900|-107.353|-57.4190
-12.6900|-107.353|-57.4190
-12.6900|-107.353|-57.4190
-12.6900|-107.353|-57.4190
-12.6900|-107.353|-57.4190
-12.6900|-107.353|-57.4190
-12.6900|-107.353|-57.4190
-12.6900|-107.353|-57.4190
-12.6900|-107.353|-57.4190
-12.6900|-107.353|-57.4190
-12.6900|-107.353|-57.4190
-12.6900|-107.353|-57.4190
-12.6900|-107.353|-57.4190
-12.6900|-107.353|-57.4190
-12.6900|-107.353|-57.4190
-12.6900|-107.353|-57.4190
-12.6900|-107.353|-57.4190
-12.6900|-107.353|-57.4190
-12.6900|-107.353|-57.4190
-12.6900|-107.353|-57.4190
-12.6900|-107.353|-57.4190
-12.6900|-107.353|-57.4190
-12.6900|-107.353|-57.4190
