+44.8490|+22.8860|+0.04700
+44.5410|+22.9220|+0.00100
+44.4710|+22.9220|+0.01900
+44.3330|+22.9220|+0.05600
+44.2640|+22.9220|+0.07400
+44.2050|+22.9580|+0.13200
+44.1360|+22.9580|+0.15000
+43.9380|+22.9930|+0.24400
+43.9490|+23.0280|+0.28400
+43.6810|+23.0640|+0.39600
+43.5430|+23.0640|+0.43200
+43.1260|+23.1350|+0.53900
+43.0570|+23.1350|+0.55700
+42.6990|+23.2420|+0.60500
+42.5700|+23.2770|+0.68000
+42.4210|+23.3130|+0.67500
+41.9150|+23.4550|+0.71600
+41.7660|+23.4900|+0.71100
+41.1800|+23.5970|+0.72700
+40.9620|+23.6320|+0.73800
+40.2880|+23.8090|+0.68700
+40.1390|+23.8440|+0.68000
+39.0210|+24.1260|+0.60100
+38.8040|+24.1620|+0.60900
+38.1320|+24.3370|+0.54900
+37.8450|+24.3720|+0.57000
+37.1750|+24.5470|+0.50600
+36.9580|+24.5820|+0.51100
+35.9940|+24.7560|+0.42100
+35.8550|+24.7560|+0.45100
+34.9010|+24.9650|+0.39400
+34.6070|+25.0350|+0.36900
+33.7170|+25.2070|+0.25100
+33.3620|+25.2420|+0.27900
+32.3430|+25.3790|+0.22100
+32.0500|+25.4480|+0.19200
+30.7410|+25.6540|+0.09400
+30.3800|+25.7230|+0.07300
+29.1520|+25.8930|-0.00900
+28.7840|+25.9260|-0.07300
+27.2000|+26.1640|-0.19500
+26.7720|+26.2320|-0.21200
+25.3570|+26.3320|-0.20700
+24.8540|+26.4340|-0.26000
+23.0150|+26.6710|-0.30000
+22.5140|+26.7720|-0.36100
+21.1000|+26.9740|-0.43600
+20.5370|+27.0420|-0.45300
+18.4960|+27.3100|-0.56000
+17.9350|+27.3770|-0.58600
+15.4100|+27.7100|-0.76700
+13.2420|+28.0770|-0.97300
+12.6130|+28.1760|-1.05500
+10.5980|+28.4750|-1.22100
+9.90800|+28.5760|-1.22400
+7.55600|+28.9420|-1.41000
+6.86400|+29.1080|-1.51300
+4.79800|+29.4390|-1.70800
+4.45400|+29.5390|-1.74500
+1.98300|+30.0020|-2.05500
+1.29900|+30.1340|-2.13900
-1.29600|+30.5970|-2.41400
-2.11400|+30.7290|-2.51400
-4.42600|+31.1580|-2.79200
-5.17200|+31.2890|-2.90600
-7.54200|+31.7850|-3.23500
-8.34900|+31.9470|-3.41100
-11.1150|+32.5430|-3.77800
-11.9230|+32.7090|-3.88700
-14.4100|+33.2060|-4.24500
-15.2150|+33.3710|-4.37100
-18.0930|+34.0010|-4.83300
-18.9600|+34.2330|-4.99000
-21.0310|+34.7320|-5.32100
-21.8950|+34.8970|-5.49000
-24.8240|+35.5970|-6.00600
-25.6880|+35.8650|-6.16100
-28.2770|+36.4680|-6.64100
-29.1380|+36.6680|-6.81000
-32.1750|+37.4710|-7.45700
-33.1050|+37.7090|-7.62300
-35.7210|+38.4080|-8.29300
-36.5720|+38.6080|-8.50400
-40.4900|+39.6480|-9.51100
-41.3430|+39.8870|-9.71200
-43.0240|+40.3540|-10.2090
-43.9390|+40.5930|-10.4420
-47.3530|+41.4990|-11.4910
-48.2470|+41.7670|-11.7950
-50.3600|+42.3390|-12.4850
-51.2490|+42.5390|-12.8000
-53.7740|+43.2070|-13.7400
-54.6040|+43.4460|-14.0170
-57.1850|+44.0850|-14.9940
-57.9950|+44.2850|-15.3260
-60.6170|+44.8580|-16.3800
-61.4810|+45.0580|-16.7560
-64.3670|+45.6580|-18.0470
-65.1770|+45.8300|-18.3750
-67.5470|+46.2970|-19.4990
-68.3950|+46.4300|-19.9080
-72.3550|+47.0960|-21.9040
-73.0680|+47.2300|-22.2810
-74.6720|+47.4290|-23.1270
-78.1850|+47.7890|-25.0990
-79.0040|+47.8560|-25.5600
-81.3430|+48.0430|-27.0110
-82.0920|+48.1090|-27.4570
-84.3960|+48.2960|-28.9590
-85.0900|+48.3490|-29.4930
-87.3320|+48.4420|-30.9600
-88.0960|+48.4690|-31.5050
-90.6440|+48.5490|-33.3510
-91.3650|+48.5490|-33.8380
-94.6540|+48.6020|-36.2490
-95.3090|+48.5890|-36.8250
-99.5080|+48.5490|-40.0190
-100.117|+48.5100|-40.5410
-102.441|+48.4700|-42.4450
-103.089|+48.4300|-43.0230
-105.342|+48.3510|-45.0080
-106.000|+48.3510|-45.5730
-107.589|+48.2460|-46.9990
-108.236|+48.2460|-47.5750
-110.010|+48.1660|-49.2910
-110.645|+48.1660|-49.8810
-112.718|+48.0870|-51.9550
-113.291|+48.0870|-52.5130
-115.014|+48.0480|-54.2760
-115.575|+48.0480|-54.8450
-117.480|+47.9820|-56.8030
-118.029|+47.9820|-57.3840
-119.576|+47.9160|-59.0380
-119.845|+47.9160|-59.3330
-121.622|+47.9160|-61.3190
-122.105|+47.9160|-61.8700
-123.582|+47.9160|-63.5880
-124.097|+47.9160|-64.1990
-126.878|+47.9160|-67.6050
-127.291|+47.9160|-68.1270
-129.445|+47.9160|-70.9250
-129.884|+47.9160|-71.5120
-131.256|+47.9820|-73.3970
-131.676|+48.0210|-73.9150
-132.823|+48.0610|-75.4710
-133.005|+48.1270|-75.7500
-134.093|+48.1660|-77.2670
-134.461|+48.2060|-77.7430
-135.436|+48.3780|-79.1760
-135.390|+48.4570|-79.3660
-135.338|+48.5760|-79.4790
-135.406|+48.6160|-79.5140
-135.474|+48.6550|-79.5500
-135.474|+48.6550|-79.5500
-135.672|+48.5230|-79.4190
-135.721|+48.4300|-79.3880
-135.543|+48.3910|-79.1850
-135.455|+48.5100|-79.2430
-135.166|+48.7740|-79.2740
-135.081|+48.8670|-79.2500
-134.910|+49.0640|-79.4430
-134.830|+49.1160|-79.4950
-134.515|+49.2990|-79.6240
-134.395|+49.3770|-79.7030
-134.146|+49.5980|-79.8670
-134.061|+49.6890|-79.8440
-133.957|+49.9110|-79.8330
-133.948|+49.9770|-79.8390
-133.893|+50.3700|-79.8750
-133.915|+50.4750|-79.8610
-133.837|+50.7620|-79.9120
-133.859|+50.8670|-79.8980
-134.039|+51.1330|-79.8580
-134.131|+51.2530|-79.7980
-134.381|+51.5340|-79.7120
-134.473|+51.6550|-79.6510
-135.116|+52.2240|-79.3070
-135.176|+52.3050|-79.2670
-135.618|+52.5020|-78.9760
-135.718|+52.5580|-78.9100
-136.149|+53.0620|-78.6260
-136.271|+53.2000|-78.4650
-136.590|+53.4770|-78.2550
-136.689|+53.5330|-78.1890
-137.039|+53.8260|-77.8780
-137.098|+53.9080|-77.8390
-137.425|+54.1200|-77.6230
-137.553|+54.2180|-77.5380
-137.950|+54.4200|-77.1950
-138.059|+54.4090|-77.1230
-138.405|+54.4870|-76.8940
-138.543|+54.5180|-76.8030
-138.916|+54.6370|-76.5560
-139.025|+54.6260|-76.4840
-139.311|+54.6200|-76.2960
-139.448|+54.6510|-76.2050
-139.763|+54.6860|-75.9970
-139.871|+54.6740|-75.9260
-140.127|+54.6250|-75.7560
-140.195|+54.6400|-75.7110
-140.490|+54.5640|-75.5160
-140.530|+54.5370|-75.4900
-140.796|+54.4180|-75.3140
-140.835|+54.3910|-75.2880
-141.101|+54.2710|-75.1130
-141.179|+54.2170|-75.0610
-141.298|+54.1090|-74.8990
-141.377|+54.0550|-74.8470
-141.613|+53.8910|-74.6910
-141.691|+53.8370|-74.6390
-141.887|+53.7000|-74.5090
-141.966|+53.6450|-74.4570
-142.172|+53.4380|-74.3210
-142.211|+53.3830|-74.2110
-142.417|+53.1750|-74.0750
-142.495|+53.1190|-74.0230
-142.749|+52.8130|-73.8550
-143.041|+52.4770|-73.6610
-143.119|+52.4210|-73.6100
-143.362|+52.1810|-73.4490
-143.449|+52.0550|-73.3920
-143.614|+51.8710|-73.2830
-143.691|+51.7860|-73.1470
-144.298|+51.1450|-72.7440
-144.412|+51.0290|-72.5830
-144.815|+50.5980|-72.3160
-144.968|+50.4810|-72.2150
-145.432|+50.0000|-71.7340
-145.516|+49.8400|-71.5920
-145.977|+49.3530|-71.1130
-146.126|+49.2040|-70.9270
-146.580|+48.6810|-70.3630
-146.736|+48.4580|-70.1710
-147.176|+48.0010|-69.6130
-147.253|+47.8060|-69.3860
-147.705|+47.0630|-68.6410
-147.886|+46.8770|-68.4300
-148.312|+46.1350|-67.5200
-148.527|+45.9140|-67.2840
-148.976|+45.2350|-66.4400
-149.117|+44.9690|-66.1630
-149.658|+44.1510|-65.1580
-149.795|+43.8800|-64.8820
-150.108|+43.2470|-64.0260
-150.277|+42.9410|-63.7250
-150.696|+42.0650|-62.5110
-150.781|+41.7880|-62.1730
-151.112|+40.9660|-61.0080
-151.211|+40.6920|-60.5630
-151.497|+39.6780|-59.1330
-151.554|+39.4340|-58.7120
-151.715|+38.5100|-57.3560
-151.754|+38.2280|-56.8480
-151.800|+37.5410|-55.8500
-151.803|+37.2130|-55.3630
-151.789|+36.0800|-53.6180
-151.763|+35.7890|-53.0480
-151.667|+34.8600|-51.6390
-151.604|+34.5250|-51.0900
-151.179|+33.1700|-48.7130
-151.026|+32.7880|-48.1260
-150.442|+31.6040|-45.9410
-150.222|+31.2970|-45.2960
-149.401|+30.0550|-43.0670
-149.114|+29.7440|-42.3640
-148.151|+28.6840|-40.3330
-147.849|+28.3700|-39.6340
-146.659|+27.1040|-37.1300
-146.259|+26.7460|-36.4010
-145.036|+25.5870|-34.2220
-144.815|+25.4270|-33.8730
-143.290|+24.0590|-31.2840
-142.774|+23.6550|-30.5350
-141.193|+22.4380|-28.1960
-140.626|+22.0720|-27.3740
-138.527|+20.5610|-24.4780
-137.936|+20.1920|-23.6700
-135.863|+18.8760|-21.0690
-135.103|+18.4640|-20.1900
-132.439|+16.8920|-17.1000
-131.611|+16.4350|-16.1620
-129.971|+15.4780|-14.3850
-128.738|+14.8090|-13.0170
-125.076|+12.8840|-9.35400
-124.121|+12.4200|-8.41400
-121.120|+10.9870|-5.61400
-120.063|+10.4380|-4.65700
-116.611|+9.52300|-2.16600
-115.438|+9.01600|-1.22100
-111.417|+7.31000|+2.09100
-110.227|+6.83900|+3.02700
-106.475|+5.29400|+5.88600
-105.159|+4.78200|+6.79300
-100.537|+3.00900|+10.0540
-99.1420|+2.48700|+11.0120
-94.8810|+0.87800|+13.7750
-93.3600|+0.39800|+14.6950
-88.1330|-1.45200|+17.8710
-86.5050|-1.98100|+18.7900
-82.5740|-3.27400|+21.0160
-80.9110|-3.80600|+21.8810
-74.3810|-4.66700|+24.5520
-72.4700|-4.75100|+25.2660
-66.9460|-5.05100|+27.2370
-64.9930|-5.25700|+27.8290
-61.0700|-5.45400|+28.9500
-57.1390|-5.61200|+30.0300
-48.9700|-6.34900|+31.6360
-46.8080|-6.50700|+32.0590
-43.7370|-6.58100|+32.6700
-39.6390|-6.76600|+33.3150
-31.1680|-7.30100|+34.3680
-30.0780|-7.33800|+34.4920
-22.4420|-7.55800|+35.2360
-20.2630|-7.64200|+35.4520
-13.3760|-7.71500|+35.9390
-11.1070|-7.71500|+36.0750
-3.02900|-7.78800|+36.2730
-0.75700|-7.83500|+36.3220
+6.30800|-7.77800|+36.1310
+8.66200|-7.77800|+36.0450
+17.1330|-7.72000|+35.4140
+19.6460|-7.63700|+35.1990
+28.2780|-7.28700|+34.4090
+37.9950|-6.66900|+33.2590
+40.4300|-6.43800|+32.9600
+46.4730|-5.94700|+32.1130
+48.8180|-5.71400|+31.7300
+57.3010|-4.75100|+30.2840
+59.6550|-4.44100|+29.8480
+72.5000|-2.50500|+27.3030
+74.7110|-2.15800|+26.8400
+81.3080|-1.01900|+25.2400
+83.4330|-0.58200|+24.7150
+91.9190|+1.30800|+22.4100
+94.0470|+1.87900|+21.8020
+99.1120|+3.36900|+20.1900
+101.070|+3.94800|+19.5770
+112.125|+7.54900|+15.8110
+115.564|+8.74100|+14.4490
+124.708|+11.5600|+10.6220
+126.319|+12.1260|+9.79300
+135.851|+17.6460|+5.22400
+138.692|+19.5670|+3.83800
+143.293|+21.9950|+1.25400
+144.563|+22.5370|+0.49200
+147.384|+24.0340|-1.28400
+148.460|+24.7610|-2.00400
+152.426|+27.3640|-4.74000
+153.564|+28.1430|-5.54400
+156.680|+30.4400|-7.88500
+157.194|+30.8550|-8.28400
+161.008|+34.1770|-11.3930
+163.937|+36.6280|-14.0950
+164.753|+37.2770|-14.8540
+167.107|+39.1770|-17.2190
+167.840|+39.8280|-17.9300
+170.477|+42.2060|-20.5500
+171.153|+42.8160|-21.1920
+173.096|+44.5960|-23.1970
+173.661|+45.1110|-23.8150
+175.371|+46.7550|-25.6570
+175.948|+47.2270|-26.2660
+177.978|+48.8380|-28.4560
+178.466|+49.2630|-29.0190
+179.611|+50.1690|-30.2530
+180.109|+50.6450|-30.8100
+181.607|+51.8870|-32.4830
+182.077|+52.3140|-33.0630
+184.049|+54.0800|-35.4350
+184.463|+54.4150|-35.9430
+185.673|+55.3710|-37.4880
+186.079|+55.7070|-38.0030
+187.309|+56.7580|-39.6510
+187.585|+57.0440|-40.0290
+188.277|+57.9270|-40.6880
+188.323|+58.1630|-40.7700
+188.463|+58.7860|-40.9010
+188.484|+59.2080|-41.0000
+188.288|+59.9410|-41.0190
+188.182|+60.1680|-40.9780
+187.809|+61.0770|-40.8930
+187.771|+61.3540|-40.9190
+187.638|+62.1360|-41.0090
+187.596|+62.2700|-41.0380
+187.471|+62.8150|-41.1220
+187.363|+63.0410|-41.0830
+187.179|+63.6680|-41.2080
+187.151|+63.8530|-41.2270
+186.972|+64.3960|-41.2370
+186.958|+64.4890|-41.2460
+186.888|+64.9490|-41.2930
+186.926|+65.0420|-41.3800
+186.898|+65.2260|-41.3990
+186.883|+65.3180|-41.4090
+186.878|+65.5430|-41.5250
+186.848|+65.5840|-41.5450
+186.774|+65.7580|-41.5950
+186.760|+65.8500|-41.6050
+186.716|+65.9830|-41.6350
+186.702|+66.0750|-41.6440
+186.687|+66.1670|-41.6540
+186.576|+66.3920|-41.6170
+186.547|+66.4330|-41.6380
+186.494|+66.4330|-41.5610
+186.465|+66.4740|-41.5810
+186.413|+66.4740|-41.5040
+186.360|+66.4740|-41.4280
+186.241|+66.4220|-41.2850
+186.173|+66.3710|-41.2190
+185.918|+66.2180|-40.9440
+185.866|+66.2180|-40.8680
+185.558|+66.0650|-40.5170
+185.504|+65.9220|-40.4420
+185.285|+65.7180|-40.2550
+185.246|+65.6260|-40.1690
+184.957|+65.2280|-39.9190
+184.903|+65.0850|-39.8440
+184.574|+64.7390|-39.5090
+184.490|+64.6370|-39.4550
+184.076|+64.1890|-39.0670
+183.967|+64.0470|-38.9170
+183.604|+63.5990|-38.6080
+183.465|+63.4980|-38.4790
+183.100|+63.0510|-38.1720
+183.027|+62.8590|-38.1100
+182.573|+62.3110|-37.7540
+182.417|+62.1600|-37.6380
+181.961|+61.6140|-37.2850
+181.787|+61.4120|-37.1830
+181.398|+60.9180|-36.8950
+181.224|+60.7160|-36.7940
+180.321|+59.6710|-36.2000
+180.157|+59.3790|-36.0920
+178.269|+57.3000|-34.8650
+178.017|+57.0510|-34.7110
+177.521|+56.4630|-34.3970
+176.312|+55.1350|-33.7100
+175.982|+54.8390|-33.5030
+175.155|+53.8710|-32.9900
+174.822|+53.5760|-32.7870
+173.726|+52.3670|-32.1440
+173.389|+52.0740|-31.9470
+172.355|+50.9200|-31.3780
+171.968|+50.5390|-31.1090
+170.674|+49.1980|-30.4090
+170.234|+48.8120|-30.1850
+169.021|+47.5760|-29.5480
+168.577|+47.1930|-29.3320
+167.167|+45.9110|-28.6360
+166.641|+45.4840|-28.3770
+165.168|+44.2050|-27.7500
+164.635|+43.7810|-27.5010
+163.030|+42.5140|-26.7710
+162.493|+42.0930|-26.5330
+161.636|+41.4870|-26.1060
+158.923|+39.5420|-24.8580
+158.338|+39.1740|-24.5560
+157.407|+38.5780|-24.0970
+154.437|+36.8460|-22.5550
+153.722|+36.4830|-22.1500
+151.607|+35.3560|-21.0430
+150.864|+34.9520|-20.6760
+148.321|+33.6600|-19.2930
+147.578|+33.3080|-18.8150
+145.308|+32.1640|-17.5600
+144.511|+31.8120|-17.1480
+142.142|+30.5950|-15.7790
+141.299|+30.2050|-15.3020
+138.441|+28.8700|-13.6150
+137.611|+28.4410|-13.1360
+135.023|+27.2470|-11.5660
+134.141|+26.8650|-11.0270
+130.979|+25.4680|-9.11700
+130.107|+25.1310|-8.57700
+127.783|+24.1220|-7.14400
+126.813|+23.7440|-6.59900
+123.433|+22.3630|-4.48400
+122.424|+21.9880|-3.86100
+119.356|+20.8220|-2.06300
+118.334|+20.4480|-1.46800
+114.619|+19.0780|+0.69700
+113.511|+18.7060|+1.30700
+89.9920|+11.2170|+13.0400
+88.6220|+10.8480|+13.6500
+64.8750|+4.75100|+21.4430
+63.2680|+4.39300|+21.8370
+50.4330|+1.61500|+24.1920
+48.7250|+1.30700|+24.4470
+43.0020|+0.15800|+25.0770
+41.2840|-0.18400|+25.2240
+35.4910|-1.36700|+25.6670
+33.7710|-1.66100|+25.7140
+26.2780|-3.12400|+25.8990
+24.6560|-3.42300|+25.9230
+17.8490|-4.59600|+25.7600
+16.1570|-4.89300|+25.7160
+11.2490|-5.73500|+25.4550
+9.64200|-6.01800|+25.2750
+3.17500|-7.06600|+24.6930
+1.58600|-7.35700|+24.5160
-3.16200|-8.02600|+23.9010
-4.81800|-8.23700|+23.6820
-10.5430|-9.01100|+22.7950
-12.1810|-9.22000|+22.5110
-16.9190|-9.73500|+21.6420
-18.4640|-9.86500|+21.3230
-23.1550|-10.2970|+20.3100
-24.6930|-10.4390|+20.0120
-30.0270|-10.7920|+18.7470
-31.6200|-10.8870|+18.3510
-36.1490|-11.1420|+17.1680
-37.6550|-11.2050|+16.7780
-42.8980|-11.4270|+15.3160
-44.3960|-11.4580|+14.9140
-46.5490|-11.4760|+14.2570
-53.1320|-11.5120|+12.2040
-53.8740|-11.5120|+11.9840
-58.0670|-11.4210|+10.6140
-59.4540|-11.3760|+10.1270
-63.6730|-11.2850|+8.60100
-65.0430|-11.2400|+8.07000
-69.8770|-11.0410|+6.20900
-71.2440|-10.9650|+5.67100
-75.3620|-10.7930|+4.08800
-76.6190|-10.6990|+3.67800
-81.2830|-10.2910|+1.94500
-82.4970|-10.1820|+1.42500
-86.2480|-9.73300|-0.27500
-87.5430|-9.51500|-0.81600
-91.2890|-9.00100|-2.55200
-92.4800|-8.81400|-3.13300
-96.7170|-8.20100|-5.14600
-97.9800|-7.98200|-5.77000
-100.295|-7.54100|-6.92400
-104.825|-6.58000|-9.28000
-105.931|-6.35900|-9.88100
-109.740|-5.47100|-11.9580
-110.790|-5.21500|-12.5140
-113.887|-4.35500|-14.2760
-114.925|-4.09800|-14.8620
-118.883|-2.97500|-17.2270
-122.230|-1.92600|-19.2540
-123.180|-1.66500|-19.8470
-125.924|-0.76700|-21.5230
-126.889|-0.46900|-22.1090
-129.886|+0.63700|-24.1350
-130.779|+0.93600|-24.6950
-133.223|+1.85500|-26.4090
-134.024|+2.20000|-26.9600
-136.349|+3.15900|-28.5930
-137.139|+3.50600|-29.1630
-139.665|+4.62300|-30.9610
-140.331|+4.97200|-31.4370
-142.027|+5.78900|-32.7160
-142.741|+6.13900|-33.2620
-145.038|+7.26900|-34.9940
-145.657|+7.58400|-35.5250
-147.249|+8.32800|-36.8200
-147.837|+8.68300|-37.2760
-149.684|+9.59100|-38.9000
-150.289|+9.90400|-39.3460
-152.382|+10.9740|-41.2060
-152.974|+11.2930|-41.7750
-154.635|+12.1680|-43.2670
-155.167|+12.4880|-43.7840
-156.959|+13.4470|-45.4990
-157.508|+13.7270|-46.0060
-159.682|+14.9310|-48.1670
-160.172|+15.2120|-48.6210
-162.008|+16.2590|-50.4380
-162.460|+16.5020|-50.9250
-163.817|+17.3100|-52.2860
-164.215|+17.5540|-52.7130
-165.695|+18.3660|-54.3010
-166.163|+18.6500|-54.7830
-167.956|+19.6280|-56.7710
-168.294|+19.8730|-57.1440
-168.821|+21.0640|-57.5920
-168.912|+21.2690|-57.5320
-169.241|+21.6360|-57.3160
-169.225|+21.5940|-57.2280
-169.181|+21.9240|-57.1570
-169.212|+22.2130|-57.1360
-169.214|+23.0390|-57.1350
-169.214|+23.2040|-57.1350
-169.214|+23.5340|-57.1350
-169.184|+23.6580|-57.1550
-169.108|+24.1120|-57.1050
-169.137|+24.2360|-57.0860
-169.118|+24.6900|-56.9990
-169.117|+24.8550|-56.9990
-169.173|+25.2690|-56.9620
-169.126|+25.4340|-56.8940
-169.210|+25.8890|-56.8380
-169.297|+26.0150|-56.7810
-169.440|+26.3890|-56.6870
-169.498|+26.4730|-56.6490
-169.715|+26.8070|-56.6050
-169.802|+26.9330|-56.5490
-170.003|+27.2280|-56.4160
-170.060|+27.3120|-56.3790
-170.336|+27.5670|-56.2970
-170.393|+27.6520|-56.2600
-170.597|+27.6980|-56.1250
-170.684|+27.7420|-56.0680
-170.889|+27.7050|-55.9340
-171.005|+27.7080|-55.8570
-171.105|+27.6700|-55.6900
-171.135|+27.6290|-55.6710
-171.131|+27.5060|-55.4710
-171.131|+27.5060|-55.4710
-171.128|+27.3820|-55.2720
-171.111|+27.3410|-55.1820
-171.107|+27.2170|-54.9820
-171.061|+27.1340|-54.9110
-170.814|+26.8410|-54.4670
-170.740|+26.7150|-54.4150
-170.491|+26.4230|-53.9720
-170.399|+26.2550|-53.8300
-170.232|+26.0460|-53.6380
-169.936|+25.4180|-53.1250
-169.813|+25.2920|-53.0040
-169.514|+24.6650|-52.4930
-169.419|+24.4970|-52.3530
-169.135|+23.9950|-51.9340
-169.039|+23.8280|-51.7940
-168.780|+23.2830|-51.3570
-168.684|+23.1160|-51.2190
-168.248|+22.3620|-50.5960
-168.102|+22.1950|-50.3890
-167.660|+21.4410|-49.7710
-167.512|+21.2740|-49.5650
-167.115|+20.6870|-49.0180
-166.994|+20.4780|-48.7940
-166.515|+19.8500|-48.2020
-166.342|+19.6400|-47.9100
-165.909|+19.0970|-47.3900
-165.784|+18.8870|-47.1680
-165.091|+18.0920|-46.3150
-164.914|+17.8820|-46.0260
-164.315|+17.1710|-45.3140
-164.135|+16.9610|-45.0270
-163.481|+16.1640|-44.1460
-163.243|+15.9560|-43.9030
-162.900|+15.5780|-43.4210
-161.804|+14.3630|-42.0270
-161.536|+14.1120|-41.7020
-160.721|+13.2750|-40.7320
-160.393|+12.9400|-40.3460
-159.407|+12.1040|-39.1900
-159.077|+11.8530|-38.8060
-157.994|+10.9770|-37.6210
-157.630|+10.6820|-37.1560
-156.227|+9.68300|-35.6930
-155.801|+9.38800|-35.1700
-154.462|+8.51300|-33.7660
-154.000|+8.17900|-33.2740
-151.508|+6.68200|-30.7590
-150.920|+6.34800|-30.1560
-149.240|+5.47500|-28.5020
-148.700|+5.14100|-27.9710
-146.866|+4.26300|-26.1180
-146.199|+3.92900|-25.4770
-143.776|+2.64100|-23.2650
-143.122|+2.34600|-22.6120
-141.568|+1.68000|-21.1990
-140.776|+1.30100|-20.4480
-138.297|+0.29500|-18.1830
-137.425|-0.08400|-17.3950
-134.633|-1.17400|-14.9770
-133.677|-1.55300|-14.1570
-130.119|-2.85500|-11.2180
-129.034|-3.19700|-10.2930
-125.663|-4.33400|-7.65800
-124.436|-4.75000|-6.77700
-120.742|-5.85000|-4.01600
-119.351|-6.26600|-3.07700
-114.206|-6.91600|-0.06000
-112.697|-7.07200|+0.84200
-107.901|-7.49100|+3.57700
-106.199|-7.68200|+4.47500
-99.9800|-8.36100|+7.54000
-98.1800|-8.46900|+8.41100
-90.2580|-9.14600|+11.7120
-88.0710|-9.35800|+12.5170
-79.3770|-9.87500|+15.7470
-78.2840|-9.94500|+16.1240
-71.0160|-10.2480|+18.5670
-68.4300|-10.3530|+19.3960
-59.5730|-10.6070|+21.8950
-56.9540|-10.6300|+22.5790
-48.9230|-10.6750|+24.5620
-46.1350|-10.6280|+25.2190
-36.7000|-10.5940|+27.2700
-34.0420|-10.5940|+27.7500
-25.8060|-10.4900|+29.1300
-23.1330|-10.4210|+29.5450
-11.9890|-9.80600|+31.1020
-8.96700|-9.60700|+31.5800
+0.66100|-9.17300|+32.4580
+3.80100|-9.03200|+32.5880
+13.6760|-8.31000|+32.9130
+16.9330|-7.98800|+33.0350
+28.5040|-6.87000|+32.9970
+31.6220|-6.45900|+32.9110
+41.2530|-5.09600|+32.3510
+44.4640|-4.67800|+32.0420
+55.6180|-2.93100|+30.2630
+58.6300|-2.36800|+29.6830
+72.5250|+0.99400|+26.3880
+75.5160|+1.77400|+25.5910
+85.5420|+4.47000|+22.4450
+88.3800|+5.26600|+21.4100
+91.0650|+6.10300|+20.4380
+103.035|+10.1080|+15.5460
+105.481|+11.0010|+14.4090
+112.617|+13.6860|+10.9290
+114.856|+14.5000|+9.74100
+122.831|+17.1610|+5.17700
+125.028|+18.5090|+3.44100
+129.398|+20.5000|+0.38300
+130.778|+21.3230|-0.54800
+135.714|+23.9690|-4.46200
+136.917|+24.7070|-5.34200
+140.176|+26.9660|-7.99900
+141.394|+27.6160|-9.13200
+145.563|+29.7000|-13.0070
+146.485|+30.1760|-13.9420
+149.783|+31.7750|-17.4520
+150.856|+32.3370|-18.6040
+153.505|+33.8430|-21.7540
+154.257|+34.3140|-22.7250
+156.605|+35.6860|-25.6590
+157.275|+36.0690|-26.5800
+158.846|+36.9650|-28.6770
+159.329|+37.2600|-29.4090
+160.943|+38.1950|-31.6880
+161.249|+38.4030|-32.2260
+162.254|+39.1170|-33.8720
+162.629|+39.3700|-34.4610
+163.717|+40.0060|-36.0320
+163.955|+40.1320|-36.3960
+164.764|+40.6010|-37.5220
+164.945|+40.7270|-37.8200
+165.434|+41.0250|-38.5350
+165.612|+41.1560|-38.7260
+166.692|+40.4460|-39.6390
+166.999|+40.6070|-40.2780
+167.456|+41.5110|-41.7760
+167.459|+41.8020|-41.9900
+167.296|+42.5530|-42.2210
+167.260|+42.6780|-42.2480
+167.206|+43.2380|-42.9350
+167.167|+43.6450|-43.2860
+167.294|+44.1750|-43.9400
+167.306|+44.2930|-44.1450
+167.086|+44.8460|-44.6270
+166.933|+45.0410|-44.7410
+166.347|+45.9690|-45.4920
+166.204|+46.2840|-45.7030
+165.815|+47.2090|-45.9900
+165.682|+47.4450|-46.0890
+165.163|+48.2190|-46.4710
+164.974|+48.4450|-46.6110
+164.617|+48.9420|-46.8750
+164.490|+49.0920|-46.9680
+164.071|+49.4650|-47.0690
+163.967|+49.6590|-47.1460
+163.667|+50.1680|-47.2640
+163.544|+50.3250|-47.2500
+163.371|+50.6850|-47.2740
+163.225|+50.7950|-47.2790
+163.019|+51.1910|-47.3280
+162.960|+51.2730|-47.2670
+162.869|+51.3930|-47.2310
+162.869|+51.3930|-47.2310
+162.678|+51.5120|-47.0610
+162.595|+51.5490|-47.0180
+162.519|+51.5950|-46.8680
+162.469|+51.5950|-46.8010
+162.286|+51.6320|-46.6250
+162.236|+51.6320|-46.5580
+162.136|+51.6320|-46.4250
+162.136|+51.6320|-46.4250
+161.986|+51.6320|-46.2250
+161.935|+51.6320|-46.1580
+161.784|+51.6320|-45.9580
+161.491|+51.5490|-45.5530
+161.473|+51.5120|-45.4620
+161.257|+51.3830|-45.2070
+161.238|+51.3470|-45.1160
+161.043|+51.0620|-44.7400
+160.951|+50.9790|-44.6000
+160.693|+50.5740|-44.0610
+160.599|+50.4910|-43.9220
+160.432|+50.1690|-43.5230
+160.338|+50.0860|-43.3840
+160.170|+49.7640|-42.9850
+160.052|+49.6350|-42.8650
+159.803|+49.0630|-42.3160
+159.682|+48.7390|-41.9840
+159.595|+48.5730|-41.8400
+159.369|+47.9550|-41.3780
+159.280|+47.7880|-41.2340
+159.088|+47.3350|-40.8510
+158.991|+46.9650|-40.6060
+158.659|+46.2540|-40.1200
+158.568|+46.0880|-39.9770
+158.361|+45.4220|-39.6050
+158.299|+45.2180|-39.4390
+158.138|+44.9230|-39.2460
+157.802|+44.1290|-38.7610
+157.739|+43.9240|-38.5960
+157.339|+43.2060|-38.1640
+157.221|+42.9940|-38.0430
+156.864|+42.3670|-37.5750
+156.745|+42.1550|-37.4560
+156.331|+41.5220|-37.0360
+156.157|+41.3110|-36.8540
+155.642|+40.5110|-36.3000
+155.466|+40.3000|-36.1190
+154.812|+39.4570|-35.4630
+154.635|+39.2460|-35.2840
+154.227|+38.7420|-34.8600
+154.024|+38.4870|-34.7030
+153.354|+37.7290|-34.0640
+153.122|+37.4360|-33.8210
+152.366|+36.6350|-33.1480
+152.132|+36.3420|-32.9080
+151.396|+35.5030|-32.2180
+151.103|+35.2110|-31.9190
+149.824|+33.8680|-30.8200
+149.553|+33.5360|-30.5010
+148.195|+32.1170|-29.2520
+147.835|+31.8260|-28.9030
+146.841|+30.8260|-28.0030
+146.479|+30.4520|-27.6560
+144.729|+28.7090|-25.9800
+144.359|+28.3360|-25.6410
+143.091|+27.0930|-24.4310
+142.656|+26.7200|-24.0400
+141.511|+25.6030|-22.9430
+141.094|+25.2720|-22.5340
+139.811|+24.1550|-21.3410
+139.303|+23.7820|-20.9060
+137.264|+22.0870|-19.0570
+136.795|+21.7150|-18.5820
+135.364|+20.5570|-17.3040
+134.777|+20.1850|-16.8350
+132.968|+18.8200|-15.2310
+132.371|+18.4490|-14.7730
+129.818|+16.6700|-12.6270
+129.234|+16.3400|-12.1570
+127.357|+15.1400|-10.6340
+126.697|+14.7260|-10.1240
+124.747|+13.5660|-8.55900
+124.076|+13.1530|-8.06300
+122.029|+11.9920|-6.48700
+121.304|+11.6180|-5.92500
+117.678|+9.62500|-3.25800
+116.867|+9.25000|-2.67100
+113.796|+7.66900|-0.51600
+112.970|+7.29400|+0.04900
+110.041|+5.92100|+1.96900
+109.222|+5.58400|+2.54500
+106.194|+4.24800|+4.46600
+105.269|+3.87200|+5.03100
+101.697|+2.40700|+7.18600
+100.756|+2.03100|+7.72400
+97.3960|+0.82000|+9.57600
+96.3850|+0.48200|+10.1630
+93.3420|-0.51900|+11.7230
+92.3040|-0.81300|+12.2580
+87.0620|-2.36400|+14.8270
+86.0050|-2.65800|+15.3230
+81.6560|-3.87100|+17.2400
+80.5080|-4.16500|+17.7360
+77.1880|-5.00100|+19.0890
+76.0170|-5.24900|+19.5300
+72.5000|-6.03900|+20.8320
+71.3340|-6.25100|+21.2800
+64.6140|-7.53600|+23.5090
+63.4000|-7.69100|+23.8140
+59.5310|-7.95300|+24.8210
+58.2550|-8.03500|+25.1960
+53.6130|-8.40300|+26.1810
+52.3280|-8.48600|+26.5170
+48.9150|-8.62800|+27.2320
+47.5340|-8.74600|+27.5170
+42.0410|-9.14700|+28.3770
+37.0320|-9.43000|+29.0450
+35.5560|-9.50100|+29.2320
+29.8050|-9.78200|+29.8460
+24.6210|-10.0620|+30.2210
+23.0590|-10.1320|+30.3250
+18.4550|-10.3410|+30.5540
+16.8940|-10.4110|+30.6090
+11.5560|-10.6190|+30.7390
+9.99600|-10.6880|+30.7400
+5.32300|-10.8270|+30.7520
+3.76600|-10.8620|+30.7460
-1.63600|-11.0000|+30.6070
-3.27200|-11.0340|+30.5450
-8.90700|-11.1380|+30.2460
-10.6190|-11.1720|+30.1190
-15.4280|-11.2060|+29.7620
-17.0530|-11.2410|+29.5860
-22.7370|-11.2750|+28.9710
-24.3560|-11.2280|+28.7500
-29.1300|-11.2280|+28.1010
-30.7450|-11.2280|+27.8550
-36.4540|-11.1820|+26.8460
-38.0580|-11.1820|+26.5400
-42.1300|-11.1350|+25.6720
-43.6450|-11.1350|+25.3360
-49.2840|-11.0540|+23.9930
-50.8750|-11.0200|+23.6220
-55.6110|-10.9040|+22.3630
-57.1810|-10.8230|+21.9120
-62.6640|-10.6730|+20.2810
-64.2310|-10.5580|+19.8120
-68.8680|-10.3150|+18.2080
-70.4090|-10.1520|+17.6610
-75.0830|-9.66600|+15.9120
-76.5310|-9.50300|+15.3440
-81.6050|-8.85400|+13.2630
-83.0320|-8.69200|+12.6440
-86.5410|-8.07700|+11.0610
-87.8970|-7.87900|+10.4750
-92.6830|-7.10200|+8.13700
-93.9710|-6.84700|+7.41600
-95.3590|-6.60300|+6.70900
-101.164|-5.49000|+3.48400
-102.436|-5.20000|+2.73500
-106.094|-4.37700|+0.54300
-107.290|-4.13300|-0.17400
-111.355|-3.10200|-2.80100
-112.511|-2.81200|-3.58200
-115.833|-1.90800|-5.84600
-116.833|-1.61900|-6.56300
-120.479|-0.50700|-9.22500
-121.457|-0.21800|-9.97200
-124.322|+0.68600|-12.1710
-125.217|+0.97500|-12.8920
-127.991|+1.86300|-14.9480
-128.920|+2.22600|-15.6300
-131.051|+3.04800|-17.4380
-131.857|+3.41800|-18.1390
-134.652|+4.57300|-20.6840
-135.378|+4.94300|-21.3520
-137.538|+5.97800|-23.4920
-138.243|+6.26600|-24.1810
-140.260|+7.25500|-26.2300
-140.927|+7.58700|-26.9560
-143.136|+8.73700|-29.2740
-143.695|+9.02500|-29.8740
-145.417|+9.96800|-31.7470
-145.941|+10.2980|-32.3800
-147.714|+11.3640|-34.4260
-148.278|+11.6900|-35.0210
-149.761|+12.6310|-36.7740
-150.231|+12.9170|-37.3430
-151.898|+13.9380|-39.3690
-152.385|+14.2640|-39.9220
-153.908|+15.2840|-41.8530
-154.382|+15.5280|-42.4180
-155.587|+16.4240|-43.9720
-156.025|+16.7090|-44.5650
-157.384|+17.6440|-46.3100
-157.762|+17.9300|-46.8460
-159.220|+18.9850|-48.7200
-159.539|+19.2700|-49.1970
-160.739|+20.2050|-50.8550
-161.032|+20.4480|-51.2500
-161.997|+21.1790|-52.5730
-162.284|+21.4230|-52.9720
-163.266|+22.2350|-54.4830
-163.547|+22.4780|-54.8850
-164.384|+23.1280|-56.0980
-164.614|+23.3710|-56.4360
-165.497|+24.1420|-57.8150
-165.753|+24.3450|-58.1360
-166.030|+25.5200|-59.0320
-166.043|+25.7220|-59.1210
-166.050|+26.3290|-59.2140
-166.018|+26.4500|-59.2350
-165.983|+26.8140|-59.2590
-166.011|+26.9360|-59.2400
-165.700|+27.4150|-59.4450
-165.605|+27.6150|-59.5070
-165.271|+28.3740|-59.6290
-164.855|+29.2070|-59.9030
-164.760|+29.3250|-59.9650
-164.355|+29.7150|-60.0380
-164.259|+29.8320|-60.1010
-163.865|+30.2590|-60.2640
-163.737|+30.4140|-60.3480
-163.368|+30.9600|-60.4960
-163.301|+31.1170|-60.5400
-163.051|+31.3090|-60.5120
-162.987|+31.3860|-60.5540
-162.717|+31.6540|-60.6370
-162.653|+31.7300|-60.6790
-162.447|+31.9210|-60.7200
-162.414|+31.9590|-60.7410
-162.273|+32.0730|-60.7390
-162.196|+32.1110|-60.6940
-162.087|+32.1870|-60.6700
-162.055|+32.2250|-60.6920
-161.978|+32.2630|-60.6460
-161.916|+32.2600|-60.6880
-161.916|+32.2600|-60.6880
-161.872|+32.2600|-60.6210
-161.795|+32.2980|-60.5760
-161.795|+32.2980|-60.5760
-161.721|+32.2570|-60.5290
-161.677|+32.2570|-60.4630
-161.571|+32.2530|-60.4370
-161.526|+32.2530|-60.3710
-161.453|+32.2120|-60.3240
-161.379|+32.1710|-60.2780
-161.261|+32.1300|-60.1650
-161.231|+32.0880|-60.1840
-161.068|+32.0470|-60.0050
-161.039|+32.0060|-60.0250
-160.876|+31.9650|-59.8460
-160.834|+31.8860|-59.7780
-160.641|+31.8030|-59.6200
-160.599|+31.7240|-59.5520
-160.438|+31.6040|-59.3720
-160.364|+31.5630|-59.3260
-160.138|+31.2090|-58.9010
-160.096|+31.1290|-58.8330
-159.923|+30.8920|-58.5650
-159.883|+30.7340|-58.4950
-159.819|+30.4200|-58.2490
-159.808|+30.3030|-58.1600
-159.731|+29.8710|-57.8250
-159.690|+29.7130|-57.7560
-159.654|+29.3600|-57.4890
-159.674|+29.2030|-57.3780
-159.705|+28.5340|-57.0640
-159.724|+28.3770|-56.9530
-159.690|+27.7840|-56.6840
-159.709|+27.5470|-56.5730
-159.766|+26.7560|-56.2390
-159.784|+26.5190|-56.1280
-159.836|+25.8050|-55.7970
-159.869|+25.5260|-55.7740
-159.871|+24.6500|-55.3780
-159.886|+24.4910|-55.2690
-159.853|+23.6530|-54.8970
-159.837|+23.3730|-54.8100
-159.748|+22.3320|-54.1800
-159.682|+22.0520|-54.0280
-159.661|+21.0470|-53.4470
-159.622|+20.6440|-53.2750
-159.543|+19.9200|-52.9330
-159.387|+18.4650|-52.1450
-159.296|+18.1410|-51.9100
-159.014|+16.6030|-51.1100
-158.945|+16.1560|-50.8580
-158.766|+15.0120|-50.0790
-158.671|+14.5210|-49.7440
-158.276|+12.7970|-48.5100
-158.173|+12.3040|-48.1780
-157.521|+9.49500|-46.3070
-157.402|+8.91600|-45.9840
-156.743|+6.88000|-44.5200
-156.537|+6.25400|-44.0540
-155.894|+4.28800|-42.6720
-155.624|+3.65800|-42.1490
-154.810|+1.63600|-40.5780
-154.519|+0.92100|-40.0680
-153.371|-1.65900|-38.1180
-152.977|-2.42400|-37.4750
-151.797|-4.68100|-35.6480
-151.405|-5.49700|-34.9980
-149.992|-7.84900|-33.0330
-149.389|-8.47200|-32.4590
-146.924|-9.34500|-30.6720
-146.143|-9.53400|-30.0430
-142.853|-10.6570|-27.8250
-141.660|-10.9710|-27.1530
-137.911|-11.8010|-24.8820
-136.408|-12.1780|-24.0890
-129.883|-13.2770|-19.8950
-128.245|-13.4780|-18.8150
-122.100|-14.2120|-14.9620
-120.141|-14.4440|-13.8040
-115.103|-14.9890|-11.0140
-112.991|-15.2830|-9.97100
-102.197|-16.4940|-5.06400
-100.015|-16.7170|-4.07900
-93.4700|-17.3310|-1.36500
-91.2750|-17.5190|-0.45900
-84.6310|-18.0310|+2.05900
-82.4960|-18.1850|+2.85500
-74.9740|-18.5210|+5.53500
-72.6890|-18.5660|+6.32600
-65.8700|-18.7460|+8.51800
-63.5550|-18.7900|+9.19000
-55.4530|-18.8480|+11.5890
-53.0600|-18.8310|+12.2330
-42.0230|-18.5980|+14.9720
-39.7680|-18.5680|+15.5200
-32.7800|-18.2960|+17.3060
-30.5040|-18.1580|+17.8020
-22.1320|-17.4530|+19.6380
-19.7460|-17.1140|+20.0150
-12.2570|-16.1080|+21.2440
-9.69800|-15.8430|+21.6760
-1.73000|-14.9490|+22.8930
+0.94600|-14.6170|+23.2660
+10.4810|-12.8470|+24.5640
+13.2900|-12.2040|+24.8840
+21.8610|-10.0510|+25.5690
+24.7080|-9.26900|+25.6940
+32.9740|-6.82300|+25.8620
+35.6820|-5.98200|+25.8090
+44.7530|-2.80900|+25.4180
+48.5790|-1.32900|+25.2090
+56.5390|+1.63500|+24.6600
+59.1630|+2.69500|+24.4720
+68.2980|+6.72900|+23.4320
+70.9160|+7.94200|+23.0290
+79.7990|+12.4010|+21.4290
+82.2610|+13.6810|+20.9330
+89.4340|+17.7290|+19.2200
+91.7960|+19.1180|+18.6040
+100.709|+24.6050|+15.8090
+102.878|+26.0220|+15.0890
+109.181|+30.1350|+12.8150
+111.237|+31.4880|+12.0080
+117.074|+35.4400|+9.46500
+118.944|+36.7250|+8.63800
+125.283|+41.4180|+5.74000
+127.015|+42.7750|+4.97100
+134.299|+48.6080|+1.22000
+135.876|+49.8070|+0.34100
+141.065|+54.0230|-2.76900
+141.806|+54.6700|-3.27900
+145.773|+58.0330|-5.95900
+146.990|+59.1490|-6.88800
+151.016|+63.1360|-9.95100
+152.137|+64.3120|-10.8630
+155.252|+67.7870|-13.6060
+156.238|+68.8680|-14.5320
+159.322|+72.3610|-17.8190
+160.102|+73.2940|-18.6940
+163.683|+77.8680|-23.2260
+164.271|+78.7730|-24.1460
+165.820|+81.2800|-26.8410
+166.295|+82.0790|-27.7310
+167.700|+85.0400|-30.7480
+168.087|+85.8360|-31.5830
+169.078|+88.1130|-33.9820
+169.428|+88.7290|-34.7240
+170.363|+90.5390|-37.0280
+170.717|+91.0650|-37.7600
+171.765|+92.9200|-40.2860
+172.048|+93.4440|-40.9530
+172.920|+95.3400|-43.5810
+173.079|+95.7890|-44.2220
+173.523|+97.1010|-46.0520
+173.610|+97.4950|-46.6310
+173.796|+98.6190|-48.3030
+173.909|+98.9770|-48.8580
+173.951|+99.8340|-50.1930
+173.902|+99.9860|-50.3310
+173.199|+100.893|-51.0160
+173.027|+101.107|-51.1320
+172.238|+101.843|-51.7700
+171.982|+102.066|-51.9440
+170.783|+103.008|-52.5500
+170.541|+103.089|-52.7140
+169.769|+103.592|-53.0340
+169.573|+103.692|-53.1670
+168.909|+104.074|-53.5170
+168.712|+104.172|-53.6510
+167.598|+104.499|-54.2060
+167.437|+104.565|-54.3160
+166.886|+104.655|-54.5910
+166.751|+104.638|-54.6820
+166.341|+104.579|-54.7620
+166.187|+104.479|-54.7670
+165.683|+103.992|-54.7110
+165.528|+103.892|-54.7170
+164.855|+103.678|-54.6790
+164.626|+103.660|-54.6370
+163.945|+103.608|-54.7090
+163.704|+103.536|-54.6770
+163.134|+103.396|-54.6740
+162.978|+103.295|-54.6840
+162.452|+102.964|-54.5530
+162.274|+102.783|-54.4790
+161.655|+102.266|-54.2170
+161.476|+102.085|-54.1440
+161.201|+101.879|-54.0410
+161.024|+101.722|-53.8670
+160.641|+101.464|-53.6410
+160.473|+101.336|-53.5620
+160.043|+100.893|-53.2720
+159.865|+100.737|-53.1010
+159.290|+100.110|-52.6160
+159.110|+99.9540|-52.4470
+158.591|+99.3810|-52.0250
+158.458|+99.2250|-51.9220
+157.814|+98.5480|-51.3930
+157.618|+98.3410|-51.2360
+157.042|+97.7700|-50.7600
+156.845|+97.5620|-50.6050
+156.191|+96.9120|-49.9880
+156.042|+96.7290|-49.7970
+155.432|+96.1040|-49.1480
+155.282|+95.9210|-48.9590
+154.716|+95.3200|-48.2760
+154.601|+95.1090|-48.0600
+154.002|+94.4290|-47.3010
+153.848|+94.2690|-47.0120
+153.370|+93.6920|-46.3630
+153.200|+93.4810|-46.0860
+152.608|+92.7450|-45.2180
+152.435|+92.5340|-44.9430
+151.913|+91.9000|-44.1200
+151.738|+91.6890|-43.8460
+151.207|+91.0550|-43.0270
+151.029|+90.8440|-42.7550
+150.345|+89.9700|-41.6420
+150.164|+89.7580|-41.3720
+149.446|+88.9640|-40.2830
+149.282|+88.6720|-39.9970
+148.617|+88.0380|-39.0730
+148.396|+87.7460|-38.7290
+147.545|+86.9510|-37.5340
+147.334|+86.7100|-37.1790
+146.494|+85.9240|-36.1890
+146.279|+85.6820|-35.8370
+145.420|+84.9170|-34.7520
+145.131|+84.6250|-34.3560
+144.291|+83.8300|-33.2510
+143.996|+83.5370|-32.8590
+142.896|+82.5800|-31.4360
+142.577|+82.3690|-31.0650
+141.584|+81.4610|-29.7590
+141.220|+81.1690|-29.3170
+139.978|+80.1300|-27.7930
+139.606|+79.8370|-27.3570
+138.454|+78.9280|-25.9670
+138.061|+78.5860|-25.5510
+136.056|+76.8970|-23.1520
+135.607|+76.6040|-22.6740
+134.306|+75.5310|-21.1850
+133.802|+75.1570|-20.6430
+132.631|+74.2460|-19.3710
+132.180|+73.8710|-18.8910
+129.757|+71.9980|-16.1690
+129.256|+71.5900|-15.6140
+127.409|+70.1690|-13.5860
+126.896|+69.7610|-13.0420
+125.210|+68.5330|-11.3200
+124.620|+68.1240|-10.7350
+122.482|+66.5660|-8.63600
+121.888|+66.0730|-8.05000
+119.900|+64.6420|-6.14200
+119.291|+64.1490|-5.56900
+116.870|+62.5500|-3.38900
+116.177|+62.0550|-2.78400
+113.916|+60.6050|-0.93200
+113.209|+60.1090|-0.34400
+110.792|+58.5390|+1.59400
+109.999|+58.0420|+2.21000
+106.678|+56.0660|+4.77500
+105.814|+55.5320|+5.44600
+102.750|+53.7990|+7.66500
+101.859|+53.3470|+8.30100
+99.0770|+51.8590|+10.2000
+98.5800|+51.6090|+10.5150
+95.0840|+49.8220|+12.7090
+94.0000|+49.2380|+13.3580
+89.2470|+46.9240|+16.2820
+88.1480|+46.3850|+16.9160
+84.9230|+44.8540|+18.7900
+83.8000|+44.3970|+19.3850
+78.1180|+41.8270|+22.4610
+76.8920|+41.2830|+23.0470
+72.1170|+39.2800|+25.2940
+70.8780|+38.7790|+25.8640
+66.4200|+37.2350|+27.8040
+65.1480|+36.7730|+28.2980
+61.1670|+35.3880|+29.8410
+59.8890|+34.9690|+30.3280
+55.1100|+33.3680|+31.9350
+53.7310|+32.9470|+32.4000
+49.5560|+31.5970|+33.6720
+48.1540|+31.2160|+34.0610
+43.9370|+29.9480|+35.2030
+42.5230|+29.5670|+35.5500
+37.4330|+28.1690|+36.7560
+36.0050|+27.7870|+37.0550
+31.6240|+26.6400|+37.9000
+30.1870|+26.2580|+38.1550
+25.0160|+24.9820|+38.9960
+23.4850|+24.5990|+39.2120
+18.9660|+23.5350|+39.7800
+17.5140|+23.2360|+39.9410
+12.9740|+22.2130|+40.3380
+11.4290|+21.8720|+40.4270
+6.19000|+20.8060|+40.6720
+4.73000|+20.5070|+40.7400
+0.25800|+19.6540|+40.7800
-1.20400|+19.3990|+40.7720
-8.07900|+18.2480|+40.5620
-9.62500|+17.9930|+40.4900
-14.1700|+17.3540|+40.1800
-15.7100|+17.1420|+40.0300
-20.1540|+16.5480|+39.5610
-21.6880|+16.3360|+39.3650
-24.6650|+15.9130|+38.9500
-31.1910|+15.2370|+37.9070
-32.7100|+15.0260|+37.6290
-37.0020|+14.6480|+36.7830
-38.4280|+14.5220|+36.4810
-41.3560|+14.2700|+35.8290
-44.1900|+14.1030|+35.1580
-45.5960|+14.0210|+34.7740
-49.7270|+13.7730|+33.6510
-51.0450|+13.6470|+33.2810
-56.4490|+13.4430|+31.6490
-57.8360|+13.4030|+31.2150
-61.8020|+13.2400|+29.8710
-63.0940|+13.1990|+29.4260
-67.5850|+13.1210|+27.7880
-68.8520|+13.1250|+27.2750
-72.6510|+13.1320|+25.7500
-73.3560|+13.0910|+25.4460
-77.1050|+13.2260|+23.8080
-78.2770|+13.2700|+23.2990
-83.0580|+13.4490|+21.0610
-83.6670|+13.4930|+20.7570
-87.0210|+13.6680|+19.0950
-88.1610|+13.7120|+18.5260
-91.4560|+13.9300|+16.7550
-92.5820|+13.9740|+16.1580
-96.3390|+14.2360|+14.0040
-97.3720|+14.2800|+13.4180
-100.491|+14.4970|+11.5250
-101.566|+14.5840|+10.8450
-105.130|+14.9290|+8.55300
-106.113|+15.0160|+7.88900
-109.055|+15.3160|+5.89300
-110.021|+15.4030|+5.20700
-113.299|+15.7890|+2.81100
-114.245|+15.8750|+2.10100
-116.902|+16.2600|+0.01000
-117.831|+16.3460|-0.72000
-120.825|+16.7730|-3.19200
-121.646|+16.9020|-3.92100
-124.104|+17.2440|-6.10700
-124.928|+17.3290|-6.82600
-127.290|+17.7110|-8.98100
-128.032|+17.7960|-9.66400
-130.303|+18.1340|-11.7850
-131.008|+18.2620|-12.5080
-133.587|+18.6410|-15.0270
-134.360|+18.7260|-15.7950
-136.380|+19.0210|-17.9220
-137.074|+19.1060|-18.6480
-139.304|+19.4840|-21.1480
-139.981|+19.5680|-21.8870
-141.895|+19.8610|-23.9810
-142.522|+19.9030|-24.6490
-144.144|+20.1100|-26.3220
-144.728|+20.1920|-26.9150
-146.189|+20.4420|-28.6260
-146.712|+20.5250|-29.2760
-148.601|+20.9400|-31.6040
-149.111|+21.0230|-32.2630
-150.565|+21.2730|-34.1910
-151.090|+21.3960|-34.8340
-154.307|+21.7690|-39.0600
-154.811|+21.8100|-39.7190
-157.284|+22.0170|-43.0390
-157.719|+22.0580|-43.6440
-158.959|+22.1820|-45.4020
-159.161|+22.1820|-45.6640
-160.157|+22.2640|-47.0860
-160.527|+22.3050|-47.6350
-161.633|+22.4280|-49.1790
-161.996|+22.4700|-49.7320
-163.004|+22.5520|-51.2440
-163.311|+22.5930|-51.7350
-164.443|+22.6750|-53.4610
-164.744|+22.7160|-53.9550
-165.835|+22.7570|-55.6060
-166.129|+22.7980|-56.1040
-166.971|+22.8390|-57.4250
-167.245|+22.8390|-57.8370
-167.246|+22.9210|-58.2310
-167.292|+22.9210|-58.3000
-167.277|+22.9220|-58.4080
-167.322|+22.8400|-58.4770
-167.306|+22.7170|-58.3890
-167.155|+22.3510|-58.4880
-167.035|+22.3520|-58.5670
-166.795|+22.5980|-58.7250
-166.705|+22.6390|-58.7840
-166.478|+22.6400|-58.8350
-166.388|+22.6000|-58.8940
-166.040|+22.4390|-59.0250
-165.692|+22.3600|-59.1570
-165.525|+22.3610|-59.1690
-165.282|+22.3630|-59.3290
-165.252|+22.3230|-59.3490
-165.055|+22.2830|-59.3820
-165.024|+22.2430|-59.4020
-164.888|+22.2040|-59.3950
-164.918|+22.1630|-59.3750
-164.780|+21.8820|-59.3680
-164.780|+21.8010|-59.3690
-164.778|+21.4790|-59.3700
-164.777|+21.3990|-59.3710
-164.792|+21.2370|-59.2630
-164.821|+21.1150|-59.2440
-164.940|+20.7910|-59.1650
-164.894|+20.7100|-59.0980
-164.981|+20.3460|-59.0410
-165.010|+20.2240|-59.0210
-165.080|+19.7370|-58.8770
-165.093|+19.5740|-58.7710
-165.059|+19.3300|-58.5970
-165.072|+19.1670|-58.4910
-165.050|+18.7590|-58.2120
-165.033|+18.6370|-58.1250
-164.991|+18.1060|-57.7600
-164.928|+17.9830|-57.6060
-164.914|+17.4910|-57.2210
-164.848|+17.2870|-57.0690
-164.753|+16.6720|-56.6390
-164.716|+16.5080|-56.4660
-164.540|+15.8530|-55.9920
-164.456|+15.6870|-55.7510
-164.210|+14.9890|-55.1240
-164.093|+14.7840|-54.9060
-163.816|+14.2080|-54.2990
-163.698|+14.0030|-54.0820
-163.318|+13.3440|-53.3450
-163.150|+13.1390|-53.0610
-162.668|+12.4790|-52.1940
-162.497|+12.2730|-51.9120
-162.001|+11.6990|-51.1550
-161.827|+11.4930|-50.8750
-160.958|+10.6250|-49.4720
-160.731|+10.4190|-49.1280
-159.106|+9.34800|-46.8490
-158.828|+9.22300|-46.4400
-157.078|+8.11300|-44.1500
-156.736|+7.90600|-43.6860
-155.490|+7.37800|-42.2580
-155.064|+7.21500|-41.7550
-153.444|+6.48000|-39.8910
-152.958|+6.31700|-39.3330
-151.341|+5.71400|-37.6840
-150.762|+5.51400|-37.0980
-148.992|+5.03800|-35.3730
-148.296|+4.84400|-34.7850
-145.966|+4.25800|-32.6930
-145.235|+4.11000|-32.1430
-142.911|+3.65800|-30.2900
-142.456|+3.58500|-29.9340
-139.418|+3.07000|-27.6620
-138.494|+2.92300|-26.9770
-135.504|+2.45600|-24.9270
-134.398|+2.31900|-24.2100
-130.485|+2.00400|-21.7820
-129.341|+1.91200|-21.1270
-125.604|+1.72600|-19.0610
-124.385|+1.63600|-18.3940
-119.678|+1.56600|-16.0860
-118.279|+1.56400|-15.4220
-113.909|+1.52500|-13.4480
-113.159|+1.50700|-13.1350
-107.885|+2.01500|-11.0500
-106.541|+2.24700|-10.5190
-102.177|+2.93900|-9.20100
-100.676|+3.08100|-8.95600
-95.5700|+4.32000|-7.98400
-94.0690|+4.90600|-7.66100
-89.6360|+6.62300|-6.97200
-88.2460|+7.16400|-6.82400
-83.1360|+9.28200|-6.33900
-81.6220|+9.95700|-6.18200
-77.0230|+12.0230|-5.60500
-75.4930|+12.5660|-5.38500
-69.7460|+14.5640|-4.74300
-68.0730|+15.2050|-4.57800
-63.9630|+16.9110|-4.07900
-62.2270|+17.6110|-3.95500
-56.3190|+20.3660|-3.58900
-54.6870|+21.1880|-3.50600
-49.4980|+23.8060|-3.15800
-47.7490|+24.6470|-3.08200
-41.5120|+27.6340|-2.66000
-39.7230|+28.4600|-2.59000
-33.2120|+31.5750|-2.27400
-31.3100|+32.5280|-2.21300
-25.4500|+35.3860|-1.91000
-23.4350|+36.3720|-1.81800
-17.1560|+39.1050|-1.37700
-14.8000|+40.0850|-1.37500
-7.32400|+43.5300|-0.41500
-5.25900|+44.2170|-0.12600
+0.00000|+45.7560|+0.51800
+2.01700|+46.4200|+0.75400
+9.63800|+49.6820|+1.32000
+11.6130|+50.6190|+1.51100
+17.8570|+53.2600|+1.99800
+19.9940|+54.0720|+2.07900
+27.5240|+57.6070|+2.24900
+29.5530|+58.7500|+2.30800
+35.5500|+61.9470|+2.11500
+37.5070|+62.9500|+2.01500
+44.0700|+66.3430|+1.61000
+45.8440|+67.3100|+1.53100
+51.4510|+70.0350|+1.32600
+53.2620|+70.8940|+1.25300
+59.8610|+73.8640|+0.84100
+61.7400|+74.8130|+0.60700
+67.2010|+77.9960|-0.07600
+68.9730|+79.0320|-0.27200
+75.0660|+82.1880|-1.28900
+76.6840|+83.0690|-1.55700
+81.4680|+85.6530|-2.43100
+83.0090|+86.5450|-2.74900
+88.2230|+89.6400|-3.82400
+89.6150|+90.5450|-4.15700
+96.7720|+94.5720|-6.12000
+98.0720|+95.3120|-6.52100
+105.225|+99.4760|-9.10100
+110.428|+102.305|-11.2520
+110.961|+102.591|-11.4560
+115.545|+105.100|-13.6370
+116.547|+105.599|-14.1540
+117.968|+106.360|-14.9150
+118.828|+106.807|-15.3640
+121.939|+108.283|-17.2160
+122.778|+108.679|-17.7030
+125.155|+109.736|-19.3450
+125.937|+110.054|-19.9090
+128.443|+111.008|-21.7850
+129.044|+111.247|-22.3150
+130.893|+111.963|-23.9750
+131.444|+112.175|-24.5590
+133.373|+112.811|-26.6000
+133.847|+112.969|-27.1480
+135.212|+113.418|-28.8430
+135.611|+113.523|-29.3490
+136.838|+113.731|-30.9460
+137.222|+113.783|-31.4640
+138.305|+113.938|-32.9690
+138.646|+114.014|-33.5250
+139.684|+114.166|-35.1730
+139.962|+114.242|-35.6750
+140.672|+114.179|-37.0730
+140.908|+114.123|-37.5010
+141.681|+113.898|-39.0440
+141.823|+113.867|-39.4480
+142.347|+113.617|-40.6710
+142.511|+113.507|-41.0520
+143.010|+113.122|-42.3930
+143.169|+113.012|-42.7750
+143.509|+112.760|-43.8270
+143.576|+112.674|-44.1830
+143.866|+112.209|-45.2690
+143.966|+112.099|-45.5940
+144.150|+111.716|-46.4570
+144.194|+111.634|-46.6230
+144.449|+111.145|-47.6230
+144.493|+111.035|-47.8890
+144.687|+110.574|-48.7320
+144.728|+110.464|-48.9990
+144.816|+110.004|-49.7240
+144.844|+109.841|-50.0000
+144.913|+109.299|-50.8350
+144.938|+109.136|-51.1110
+145.008|+108.380|-52.2330
+144.990|+108.002|-52.7360
+145.013|+107.868|-52.9130
+145.027|+107.438|-53.4850
+145.047|+107.304|-53.6630
+145.044|+106.822|-54.2450
+145.017|+106.689|-54.3640
+144.979|+106.289|-54.7790
+145.048|+106.185|-54.9170
+144.999|+105.762|-55.2430
+145.067|+105.658|-55.3820
+145.016|+105.236|-55.7090
+145.025|+105.080|-55.7980
+145.003|+104.613|-56.0060
+144.964|+104.458|-56.0360
+144.933|+104.147|-56.1550
+144.907|+104.043|-56.1750
+144.888|+103.784|-56.2850
+144.862|+103.680|-56.3050
+144.796|+103.422|-56.3560
+144.770|+103.318|-56.3770
+144.684|+103.163|-56.3480
+144.671|+103.112|-56.3580
+144.597|+102.830|-56.3200
+144.577|+102.756|-56.2410
+144.470|+102.526|-56.1330
+144.463|+102.503|-56.0430
+144.288|+102.199|-55.7980
+144.267|+102.125|-55.7190
+144.191|+101.849|-55.4920
+144.169|+101.775|-55.4130
+144.106|+101.551|-55.1760
+144.084|+101.476|-55.0970
+143.948|+101.327|-54.8210
+143.926|+101.252|-54.7420
+143.789|+101.102|-54.4660
+143.767|+101.027|-54.3870
+143.653|+100.803|-54.0910
+143.584|+100.728|-53.9540
+143.492|+100.579|-53.7370
+143.423|+100.504|-53.6000
+143.274|+100.330|-53.2350
+143.251|+100.255|-53.1560
+142.822|+99.7780|-52.4330
+142.751|+99.7030|-52.2960
+142.024|+98.8970|-51.1300
+141.938|+98.7710|-51.0050
+141.642|+98.4430|-50.5620
+141.569|+98.3680|-50.4260
+141.271|+98.0410|-49.9830
+141.097|+97.9380|-49.8330
+140.685|+97.5600|-49.2880
+140.610|+97.4850|-49.1530
+140.270|+97.1810|-48.7460
+140.131|+97.0550|-48.5650
+139.613|+96.6760|-47.9100
+139.473|+96.5500|-47.7310
+138.949|+96.1450|-47.1820
+138.758|+96.0190|-46.9460
+137.908|+95.4130|-45.9770
+137.714|+95.2870|-45.7430
+137.260|+94.9850|-45.2340
+136.978|+94.8830|-44.9780
+136.091|+94.3270|-44.1460
+135.842|+94.2010|-43.8600
+135.013|+93.6970|-43.0790
+134.695|+93.5210|-42.7540
+133.891|+93.0180|-41.8470
+133.570|+92.8420|-41.5250
+132.688|+92.2900|-40.5860
+132.346|+92.0890|-40.1800
+131.242|+91.4370|-38.9280
+130.947|+91.2360|-38.5800
+129.846|+90.6100|-37.4300
+129.546|+90.4090|-37.0860
+127.835|+89.4320|-35.2550
+126.608|+88.7300|-34.0120
+126.187|+88.5300|-33.5730
+124.664|+87.7040|-32.0880
+124.221|+87.4540|-31.6720
+120.264|+85.3540|-28.0050
+117.854|+84.1040|-25.7910
+117.269|+83.8550|-25.3050
+115.531|+83.0280|-23.7030
+114.936|+82.7790|-23.2280
+113.408|+82.0770|-21.8450
+112.730|+81.7790|-21.3520
+110.749|+80.9520|-19.6760
+110.103|+80.6770|-19.1390
+108.024|+79.8500|-17.4590
+107.304|+79.5740|-16.8910
+104.091|+78.2650|-14.2850
+103.353|+77.9900|-13.7380
+98.8040|+76.2430|-10.1960
+98.0030|+75.9390|-9.59700
+95.6540|+75.0740|-7.84300
+94.8370|+74.7690|-7.26200
+92.4010|+73.8730|-5.48200
+91.5820|+73.6160|-4.89600
+89.0190|+72.6700|-3.15600
+88.1850|+72.4110|-2.58800
+85.0330|+71.3860|-0.60900
+84.1010|+71.0800|-0.05200
+81.3830|+70.1760|+1.61600
+80.4360|+69.8690|+2.15100
+77.6540|+68.9930|+3.71300
+76.7040|+68.7330|+4.25000
+73.4820|+67.6710|+6.00300
+72.5050|+67.3620|+6.49000
+69.6350|+66.4830|+7.91200
+68.6550|+66.2200|+8.40100
+65.2610|+65.1530|+10.0170
+64.2660|+64.8900|+10.4800
+61.2510|+64.0530|+11.8080
+60.2480|+63.7110|+12.2630
+56.6280|+62.7320|+13.8040
+55.5970|+62.4210|+14.1890
+52.6000|+61.5930|+15.4070
+51.5580|+61.2820|+15.7670
+47.9430|+60.3100|+17.1730
+46.8960|+60.0430|+17.5320
+43.7590|+59.1780|+18.6570
+42.7010|+58.9100|+18.9910
+39.5990|+58.0750|+19.9820
+38.5320|+57.8060|+20.2910
+34.7870|+56.8560|+21.3790
+33.7170|+56.5540|+21.7010
+31.0990|+55.8700|+22.4170
+30.0920|+55.6000|+22.6630
+26.3590|+54.5980|+23.5310
+25.3440|+54.3270|+23.7490
+22.1340|+53.4810|+24.4300
+21.0320|+53.2090|+24.6330
+17.3320|+52.2120|+25.3770
+16.3000|+51.8950|+25.5130
+13.1250|+51.0770|+25.9850
+12.0910|+50.8040|+26.1280
+9.06100|+49.9850|+26.5180
+8.02400|+49.6760|+26.6800
+4.49900|+48.7300|+26.9930
+3.45600|+48.4560|+27.0860
+0.48300|+47.6320|+27.3320
-0.56300|+47.3580|+27.4020
-4.02700|+46.4440|+27.5090
-4.99600|+46.1680|+27.5560
-8.05900|+45.4490|+27.5370
-9.02700|+45.2090|+27.5220
-12.5760|+44.2500|+27.4310
-13.5440|+44.0100|+27.3920
-15.9630|+43.3700|+27.2770
-16.9300|+43.1290|+27.2200
-20.7130|+42.1250|+26.9190
-21.6740|+41.9220|+26.7970
-24.4890|+41.2010|+26.5320
-25.3730|+40.9610|+26.4400
-28.5830|+40.1600|+26.0670
-29.4660|+39.9190|+25.9560
-32.1820|+39.2350|+25.5450
-33.0620|+38.9950|+25.4160
-35.7710|+38.3110|+24.9520
-36.6470|+38.1500|+24.8000
-39.7440|+37.3860|+24.2070
-40.5310|+37.1830|+24.0200
-43.1390|+36.5790|+23.4570
-44.0010|+36.3770|+23.2380
-46.9120|+35.6930|+22.5540
-47.6910|+35.4900|+22.3360
-50.1950|+34.9670|+21.6870
-50.9690|+34.7650|+21.4560
-53.3720|+34.2800|+20.7460
-54.1420|+34.0780|+20.5010
-56.9090|+33.4710|+19.6040
-57.6740|+33.2690|+19.3440
-59.9700|+32.7850|+18.5710
-60.7400|+32.6250|+18.3300
-62.9460|+32.1420|+17.5440
-63.7000|+31.9400|+17.2570
-66.2720|+31.3770|+16.3020
-67.0200|+31.2550|+15.9980
-69.1940|+30.7730|+15.1350
-69.9370|+30.6520|+14.8190
-72.3830|+30.0480|+13.7700
-73.1190|+29.9270|+13.4410
-75.1850|+29.4460|+12.5330
-75.8410|+29.3250|+12.2230
-78.2460|+28.8030|+11.0900
-78.9120|+28.6430|+10.8040
-80.8550|+28.2010|+9.82600
-81.5150|+28.0420|+9.53000
-83.0780|+27.6800|+8.69200
-83.7180|+27.5600|+8.35300
-85.8470|+27.0400|+7.21700
-86.4810|+26.9190|+6.86700
-88.5890|+26.4790|+5.69400
-89.1450|+26.3590|+5.37100
-90.8770|+26.0000|+4.35200
-91.5160|+25.8410|+4.01600
-93.4960|+25.4410|+2.78700
-94.0420|+25.3220|+2.44700
-95.7390|+25.0420|+1.37700
-96.2790|+24.9230|+1.02900
-97.9100|+24.6050|+0.00900
-98.4450|+24.4860|-0.34500
-100.041|+24.2070|-1.41900
-100.590|+24.1280|-1.74900
-102.376|+23.7710|-2.97000
-102.900|+23.6520|-3.33900
-104.436|+23.3740|-4.35000
-104.887|+23.2550|-4.68300
-106.590|+22.9380|-5.87600
-107.124|+22.8590|-6.22800
-109.535|+22.3840|-7.93900
-109.975|+22.2660|-8.28600
-112.331|+21.7900|-9.93400
-112.786|+21.7110|-10.2580
-114.360|+21.3950|-11.4890
-114.832|+21.2760|-11.7890
-116.156|+21.0790|-12.8180
-116.602|+20.9200|-13.1550
-118.040|+20.6440|-14.2970
-118.482|+20.5650|-14.6380
-119.740|+20.3270|-15.6200
-120.116|+20.2480|-15.9170
-121.526|+19.9720|-17.0920
-121.922|+19.9320|-17.3640
-122.825|+19.7350|-18.1510
-123.194|+19.6550|-18.4550
-124.542|+19.4180|-19.5790
-124.908|+19.3390|-19.8880
-126.001|+19.1810|-20.8190
-126.303|+19.1020|-21.0800
-127.386|+18.8640|-22.0230
-127.746|+18.7850|-22.3390
-128.879|+18.5480|-23.3450
-129.235|+18.4690|-23.6650
-130.180|+18.2310|-24.5230
-130.474|+18.1520|-24.7930
-131.612|+17.8740|-25.7940
-131.879|+17.8360|-26.0930
-132.749|+17.5990|-26.9140
-133.038|+17.5200|-27.1890
-134.072|+17.2030|-28.1850
-134.301|+17.1240|-28.4070
-135.156|+16.8870|-29.2440
-135.383|+16.8080|-29.4680
-136.200|+16.5300|-30.2300
-136.398|+16.4120|-30.4840
-137.294|+16.0960|-31.3920
-137.517|+16.0170|-31.6200
-138.268|+15.7420|-32.4480
-138.514|+15.6220|-32.6520
-139.256|+15.2670|-33.4880
-139.476|+15.1880|-33.7190
-140.021|+14.9510|-34.3010
-140.210|+14.8340|-34.5610
-140.885|+14.4800|-35.3480
-141.101|+14.4010|-35.5830
-141.715|+14.0480|-36.3170
-141.929|+13.9690|-36.5530
-142.459|+13.6530|-37.1480
-142.643|+13.5360|-37.4120
-143.195|+13.2620|-38.0930
-143.377|+13.1460|-38.3580
-143.898|+12.8300|-38.9600
-144.028|+12.7930|-39.1640
-144.466|+12.5190|-39.7320
-144.622|+12.4400|-39.9140
-145.128|+12.0500|-40.6330
-145.526|+11.7430|-41.3410
-145.627|+11.6650|-41.4640
-145.627|+11.6650|-41.4640
-145.627|+11.6650|-41.4640
-145.627|+11.6650|-41.4640
-145.627|+11.6650|-41.4640
-145.627|+11.6650|-41.4640
-145.627|+11.6650|-41.4640
-145.627|+11.6650|-41.4640
-145.627|+11.6650|-41.4640
-145.627|+11.6650|-41.4640
-145.627|+11.6650|-41.4640
-145.627|+11.6650|-41.4640
-145.627|+11.6650|-41.4640
-145.627|+11.6650|-41.4640
-145.627|+11.6650|-41.4640
-145.627|+11.6650|-41.4640
-145.627|+11.6650|-41.4640
-145.627|+11.6650|-41.4640
-145.627|+11.6650|-41.4640
-145.627|+11.6650|-41.4640
-145.627|+11.6650|-41.4640
-145.627|+11.6650|-41.4640
-145.627|+11.6650|-41.4640
-145.627|+11.6650|-41.4640
-145.627|+11.6650|-41.4640
-145.627|+11.6650|-41.4640
-145.627|+11.6650|-41.4640
-145.627|+11.6650|-41.4640
-145.627|+11.6650|-41.4640
-145.627|+11.6650|-41.4640
-145.627|+11.6650|-41.4640
-145.627|+11.6650|-41.4640
-145.627|+11.6650|-41.4640
-145.627|+11.6650|-41.4640
-145.627|+11.6650|-41.4640
-145.627|+11.6650|-41.4640
-145.627|+11.6650|-41.4640
-145.627|+11.6650|-41.4640
-145.627|+11.6650|-41.4640
-145.627|+11.6650|-41.4640
-145.627|+11.6650|-41.4640
-145.627|+11.6650|-41.4640
-145.627|+11.6650|-41.4640
-145.627|+11.6650|-41.4640
-145.627|+11.6650|-41.4640
-145.627|+11.6650|-41.4640
-145.627|+11.6650|-41.4640
-145.627|+11.6650|-41.4640
-145.627|+11.6650|-41.4640
-145.627|+11.6650|-41.4640
-145.627|+11.6650|-41.4640
-145.627|+11.6650|-41.4640
-145.627|+11.6650|-41.4640
-145.627|+11.6650|-41.4640
-145.627|+11.6650|-41.4640
-145.627|+11.6650|-41.4640
-145.627|+11.6650|-41.4640
-145.627|+11.6650|-41.4640
-145.627|+11.6650|-41.4640
