+12.4410|-71.1490|-58.7990
+12.4470|-71.1560|-58.7460
+12.4470|-71.1560|-58.7460
+12.4470|-71.1560|-58.7460
+12.4470|-71.1560|-58.7460
+12.4470|-71.1560|-58.7460
+12.4470|-71.1560|-58.7460
+12.4470|-71.1560|-58.7460
+12.4470|-71.1560|-58.7460
+12.4980|-71.1640|-58.6980
+12.4980|-71.1640|-58.6980
+12.4980|-71.1640|-58.6980
+12.4980|-71.1640|-58.6980
+12.4980|-71.1640|-58.6980
+12.4980|-71.1640|-58.6980
+12.5430|-71.1640|-58.7030
+12.5430|-71.1640|-58.7030
+12.5430|-71.1640|-58.7030
+12.5430|-71.1640|-58.7030
+12.5430|-71.1640|-58.7030
+12.5430|-71.1640|-58.7030
+12.5430|-71.1640|-58.7030
+12.5430|-71.1640|-58.7030
+12.5450|-71.2160|-58.6870
+12.5450|-71.2160|-58.6870
+12.5450|-71.2160|-58.6870
+12.5450|-71.2160|-58.6870
+12.5450|-71.2160|-58.6870
+12.5450|-71.2160|-58.6870
+12.5450|-71.2160|-58.6870
+12.5450|-71.2160|-58.6870
+12.5450|-71.2160|-58.6870
+12.5450|-71.2160|-58.6870
+12.5450|-71.2160|-58.6870
+12.5450|-71.2160|-58.6870
+12.5450|-71.2160|-58.6870
+12.5450|-71.2160|-58.6870
+12.5450|-71.2160|-58.6870
+12.5450|-71.2160|-58.6870
+12.5450|-71.2160|-58.6870
+12.5450|-71.2160|-58.6870
+12.5450|-71.2160|-58.6870
+12.5450|-71.2160|-58.6870
+12.5450|-71.2160|-58.6870
+12.5450|-71.2160|-58.6870
+12.5450|-71.2160|-58.6870
+12.5450|-71.2160|-58.6870
+12.5450|-71.2160|-58.6870
+12.5450|-71.2160|-58.6870
+12.5450|-71.2160|-58.6870
+12.5450|-71.2160|-58.6870
+12.5450|-71.2160|-58.6870
+12.5450|-71.2160|-58.6870
+12.5450|-71.2160|-58.6870
+12.5450|-71.2160|-58.6870
+12.5470|-71.2680|-58.6720
+12.5470|-71.2680|-58.6720
+12.5470|-71.2680|-58.6720
+12.5490|-71.3200|-58.6570
+12.5490|-71.3200|-58.6570
+12.5490|-71.3200|-58.6570
+12.5490|-71.3200|-58.6570
+12.5500|-71.3720|-58.6420
+12.5520|-71.4250|-58.6270
+12.5520|-71.4250|-58.6270
+12.5520|-71.4250|-58.6270
+12.5540|-71.4770|-58.6110
+12.5990|-71.4770|-58.6170
+12.6010|-71.5290|-58.6010
+12.6020|-71.5810|-58.5860
+12.6040|-71.6340|-58.5710
+12.6040|-71.6340|-58.5710
+12.6120|-71.6930|-58.5030
+12.6140|-71.7450|-58.4880
+12.6140|-71.7450|-58.4880
+12.6150|-71.7980|-58.4730
+12.6230|-71.8570|-58.4040
+12.6230|-71.8570|-58.4040
+12.6700|-71.9090|-58.3940
+12.6700|-71.9090|-58.3940
+12.6720|-71.9610|-58.3790
+12.6780|-71.9690|-58.3260
+12.6780|-71.9690|-58.3260
+12.6860|-72.0280|-58.2570
+12.6860|-72.0280|-58.2570
+12.6860|-72.0280|-58.2570
+12.7310|-72.0280|-58.2630
+12.7310|-72.0280|-58.2630
+12.7310|-72.0280|-58.2630
+12.7370|-72.0350|-58.2090
+12.7370|-72.0350|-58.2090
+12.7830|-72.0350|-58.2140
+12.7830|-72.0350|-58.2140
+12.7890|-72.0420|-58.1610
+12.7890|-72.0420|-58.1610
+12.7890|-72.0420|-58.1610
+12.7890|-72.0420|-58.1610
+12.7890|-72.0420|-58.1610
+12.7890|-72.0420|-58.1610
+12.7950|-72.0490|-58.1070
+12.7950|-72.0490|-58.1070
+12.7950|-72.0490|-58.1070
+12.7950|-72.0490|-58.1070
+12.7950|-72.0490|-58.1070
+12.7950|-72.0490|-58.1070
+12.7950|-72.0490|-58.1070
+12.7950|-72.0490|-58.1070
+12.7950|-72.0490|-58.1070
+12.7950|-72.0490|-58.1070
+12.7950|-72.0490|-58.1070
+12.7950|-72.0490|-58.1070
+12.7950|-72.0490|-58.1070
+12.7950|-72.0490|-58.1070
+12.7950|-72.0490|-58.1070
+12.8010|-72.0560|-58.0540
+12.8010|-72.0560|-58.0540
+12.8010|-72.0560|-58.0540
+12.8010|-72.0560|-58.0540
+12.8010|-72.0560|-58.0540
+12.8010|-72.0560|-58.0540
+12.8010|-72.0560|-58.0540
+12.8080|-72.0630|-58.0000
+12.8080|-72.0630|-58.0000
+12.8080|-72.0630|-58.0000
+12.8080|-72.0630|-58.0000
+12.8140|-72.0700|-57.9470
+12.8140|-72.0700|-57.9470
+12.8140|-72.0700|-57.9470
+12.8140|-72.0700|-57.9470
+12.8140|-72.0700|-57.9470
+12.8140|-72.0700|-57.9470
+12.8140|-72.0700|-57.9470
+12.8200|-72.0770|-57.8930
+12.8200|-72.0770|-57.8930
+12.8200|-72.0770|-57.8930
+12.8200|-72.0770|-57.8930
+12.8200|-72.0770|-57.8930
+12.8200|-72.0770|-57.8930
+12.8200|-72.0770|-57.8930
+12.8200|-72.0770|-57.8930
+12.8200|-72.0770|-57.8930
+12.8200|-72.0770|-57.8930
+12.8200|-72.0770|-57.8930
+12.8260|-72.0840|-57.8400
+12.8260|-72.0840|-57.8400
+12.8260|-72.0840|-57.8400
+12.8260|-72.0840|-57.8400
+12.8260|-72.0840|-57.8400
+12.8260|-72.0840|-57.8400
+12.8260|-72.0840|-57.8400
+12.8260|-72.0840|-57.8400
+12.8260|-72.0840|-57.8400
+12.8260|-72.0840|-57.8400
+12.8260|-72.0840|-57.8400
+12.8260|-72.0840|-57.8400
+12.7810|-72.0840|-57.8340
+12.7810|-72.0840|-57.8340
+12.7810|-72.0840|-57.8340
+12.7810|-72.0840|-57.8340
+12.7810|-72.0840|-57.8340
+12.7810|-72.0840|-57.8340
+12.7810|-72.0840|-57.8340
+12.7810|-72.0840|-57.8340
+12.7810|-72.0840|-57.8340
+12.7810|-72.0840|-57.8340
+12.7810|-72.0840|-57.8340
+12.7810|-72.0840|-57.8340
+12.7810|-72.0840|-57.8340
+12.7810|-72.0840|-57.8340
+12.7810|-72.0840|-57.8340
+12.7810|-72.0840|-57.8340
+12.7810|-72.0840|-57.8340
+12.7810|-72.0840|-57.8340
+12.7810|-72.0840|-57.8340
+12.8260|-72.0840|-57.8400
+12.8260|-72.0840|-57.8400
+12.8280|-72.1360|-57.8250
+12.8280|-72.1360|-57.8250
+12.8280|-72.1360|-57.8250
+12.8280|-72.1360|-57.8250
+12.8280|-72.1360|-57.8250
+12.8280|-72.1360|-57.8250
+12.8300|-72.1880|-57.8100
+12.8300|-72.1880|-57.8100
+12.8310|-72.2410|-57.7950
+12.8310|-72.2410|-57.7950
+12.8330|-72.2930|-57.7800
+12.8330|-72.2930|-57.7800
+12.8350|-72.3450|-57.7650
+12.8350|-72.3450|-57.7650
+12.8370|-72.3980|-57.7500
+12.8370|-72.3980|-57.7500
+12.8380|-72.4500|-57.7360
+12.8380|-72.4500|-57.7360
+12.8400|-72.5020|-57.7210
+12.8400|-72.5020|-57.7210
+12.8420|-72.5550|-57.7060
+12.8420|-72.5550|-57.7060
+12.8430|-72.6070|-57.6910
+12.8430|-72.6070|-57.6910
+12.8450|-72.6590|-57.6770
+12.8450|-72.6590|-57.6770
+12.8470|-72.7120|-57.6620
+12.8470|-72.7120|-57.6620
+12.8470|-72.7120|-57.6620
+12.8470|-72.7120|-57.6620
+12.8470|-72.7120|-57.6620
+12.8470|-72.7120|-57.6620
+12.8470|-72.7120|-57.6620
+12.8470|-72.7120|-57.6620
+12.8470|-72.7120|-57.6620
+12.8470|-72.7120|-57.6620
+12.8470|-72.7120|-57.6620
+12.8470|-72.7120|-57.6620
+12.8470|-72.7120|-57.6620
+12.8470|-72.7120|-57.6620
+12.8490|-72.7640|-57.6470
+12.8490|-72.7640|-57.6470
+12.8490|-72.7640|-57.6470
+12.8490|-72.7640|-57.6470
+12.8500|-72.8160|-57.6330
+12.8500|-72.8160|-57.6330
+12.8520|-72.8690|-57.6180
+12.8520|-72.8690|-57.6180
+12.8600|-72.9280|-57.5500
+12.9050|-72.9280|-57.5550
+12.9130|-72.9870|-57.4870
+12.9130|-72.9870|-57.4870
+12.9210|-73.0470|-57.4190
+12.9210|-73.0470|-57.4190
+12.9290|-73.1060|-57.3510
+12.9750|-73.1060|-57.3560
+12.9830|-73.1650|-57.2880
+12.9830|-73.1650|-57.2880
+13.0370|-73.2240|-57.2250
+13.0370|-73.2240|-57.2250
+13.0900|-73.2830|-57.1630
+13.0970|-73.2900|-57.1090
+13.1500|-73.3490|-57.0470
+13.1500|-73.3490|-57.0470
+13.2020|-73.3560|-56.9980
+13.2040|-73.4080|-56.9840
+13.2560|-73.4150|-56.9360
+13.2630|-73.4220|-56.8820
+13.3100|-73.4740|-56.8730
+13.3170|-73.4810|-56.8200
+13.3690|-73.4870|-56.7720
+13.3690|-73.4870|-56.7720
+13.3770|-73.5460|-56.7040
+13.3770|-73.5460|-56.7040
+13.4290|-73.5530|-56.6560
+13.4290|-73.5530|-56.6560
+13.4830|-73.6120|-56.5930
+13.4830|-73.6120|-56.5930
+13.4900|-73.6180|-56.5400
+13.5380|-73.6710|-56.5310
+13.5390|-73.7230|-56.5170
+13.5390|-73.7230|-56.5170
+13.5920|-73.7300|-56.4690
+13.5940|-73.7820|-56.4540
+13.5950|-73.8350|-56.4400
+13.6410|-73.8350|-56.4460
+13.6430|-73.8870|-56.4320
+13.6430|-73.8870|-56.4320
+13.6910|-73.9400|-56.4230
+13.6910|-73.9400|-56.4230
+13.6930|-73.9920|-56.4090
+13.6930|-73.9920|-56.4090
+13.7400|-74.0450|-56.4000
+13.7400|-74.0450|-56.4000
+13.7360|-74.0910|-56.4400
+13.7360|-74.0910|-56.4400
+13.7370|-74.1430|-56.4250
+13.7370|-74.1430|-56.4250
+13.7780|-74.1890|-56.4710
+13.7780|-74.1890|-56.4710
+13.7740|-74.2350|-56.5100
+13.7740|-74.2350|-56.5100
+13.7670|-74.2290|-56.5630
+13.8130|-74.2290|-56.5690
+13.8080|-74.2750|-56.6090
+13.8080|-74.2750|-56.6090
+13.8490|-74.3210|-56.6540
+13.8490|-74.3210|-56.6540
+13.8420|-74.3140|-56.7070
+13.8880|-74.3140|-56.7130
+13.8830|-74.3600|-56.7520
+13.8830|-74.3600|-56.7520
+13.8790|-74.4060|-56.7920
+13.9240|-74.4060|-56.7980
+13.9240|-74.4060|-56.7980
+13.9180|-74.3990|-56.8510
+13.9200|-74.4520|-56.8370
+13.9650|-74.4520|-56.8430
+13.9600|-74.4970|-56.8820
+13.9600|-74.4970|-56.8820
+14.0080|-74.5500|-56.8740
+14.0010|-74.5430|-56.9280
+14.0030|-74.5960|-56.9140
+14.0490|-74.5960|-56.9200
+14.0510|-74.6480|-56.9060
+14.0510|-74.6480|-56.9060
+14.0980|-74.7010|-56.8980
+14.0980|-74.7010|-56.8980
+14.1000|-74.7540|-56.8840
+14.1480|-74.8060|-56.8760
+14.1480|-74.8060|-56.8760
+14.1490|-74.8590|-56.8620
+14.1970|-74.9110|-56.8540
+14.1970|-74.9110|-56.8540
+14.2430|-74.9110|-56.8600
+14.2440|-74.9640|-56.8460
+14.2440|-74.9640|-56.8460
+14.2920|-75.0170|-56.8380
+14.2920|-75.0170|-56.8380
+14.2920|-75.0170|-56.8380
+14.2940|-75.0690|-56.8240
+14.3400|-75.0690|-56.8300
+14.3400|-75.0690|-56.8300
+14.3410|-75.1220|-56.8170
+14.3410|-75.1220|-56.8170
+14.3410|-75.1220|-56.8170
+14.3430|-75.1740|-56.8030
+14.3430|-75.1740|-56.8030
+14.3890|-75.1740|-56.8090
+14.3980|-75.2340|-56.7420
+14.3980|-75.2340|-56.7420
+14.3980|-75.2340|-56.7420
+14.3980|-75.2340|-56.7420
+14.4000|-75.2860|-56.7280
+14.4060|-75.2930|-56.6750
+14.4060|-75.2930|-56.6750
+14.4060|-75.2930|-56.6750
+14.4080|-75.3460|-56.6610
+14.4080|-75.3460|-56.6610
+14.4150|-75.3520|-56.6070
+14.4150|-75.3520|-56.6070
+14.4150|-75.3520|-56.6070
+14.4150|-75.3520|-56.6070
+14.4610|-75.3520|-56.6130
+14.4610|-75.3520|-56.6130
+14.4630|-75.4050|-56.6000
+14.4630|-75.4050|-56.6000
+14.4630|-75.4050|-56.6000
+14.4630|-75.4050|-56.6000
+14.5110|-75.4580|-56.5920
+14.5110|-75.4580|-56.5920
+14.5110|-75.4580|-56.5920
+14.5110|-75.4580|-56.5920
+14.5110|-75.4580|-56.5920
+14.5110|-75.4580|-56.5920
+14.5110|-75.4580|-56.5920
+14.5110|-75.4580|-56.5920
+14.5040|-75.4510|-56.6460
+14.5040|-75.4510|-56.6460
+14.5490|-75.4510|-56.6520
+14.5490|-75.4510|-56.6520
+14.5490|-75.4510|-56.6520
+14.5490|-75.4510|-56.6520
+14.5970|-75.5040|-56.6440
+14.5970|-75.5040|-56.6440
+14.5970|-75.5040|-56.6440
+14.6430|-75.5040|-56.6500
+14.6430|-75.5040|-56.6500
+14.6450|-75.5560|-56.6360
+14.6910|-75.5560|-56.6430
+14.6910|-75.5560|-56.6430
+14.6910|-75.5560|-56.6430
+14.6930|-75.6090|-56.6290
+14.6940|-75.6620|-56.6160
+14.6940|-75.6620|-56.6160
+14.7420|-75.7140|-56.6080
+14.7420|-75.7140|-56.6080
+14.7440|-75.7670|-56.5950
+14.7900|-75.7670|-56.6010
+14.7930|-75.8730|-56.5740
+14.8390|-75.8730|-56.5800
+14.8410|-75.9250|-56.5670
+14.8430|-75.9780|-56.5530
+14.8910|-76.0310|-56.5460
+14.8910|-76.0310|-56.5460
+14.9380|-76.0830|-56.5390
+14.9400|-76.1360|-56.5260
+14.9880|-76.1890|-56.5180
+14.9880|-76.1890|-56.5180
+15.0360|-76.2420|-56.5110
+15.0830|-76.2940|-56.5040
+15.1310|-76.3470|-56.4970
+15.1310|-76.3470|-56.4970
+15.2250|-76.4000|-56.4970
+15.2270|-76.4530|-56.4830
+15.2750|-76.5050|-56.4770
+15.3210|-76.5050|-56.4830
+15.3780|-76.6180|-56.4100
+15.4240|-76.6180|-56.4160
+15.4710|-76.6700|-56.4090
+15.5190|-76.7230|-56.4020
+15.6110|-76.7230|-56.4150
+15.6110|-76.7230|-56.4150
+15.7130|-76.7830|-56.3620
+15.7130|-76.7830|-56.3620
+15.8050|-76.7830|-56.3750
+15.8050|-76.7830|-56.3750
+15.8580|-76.7890|-56.3280
+15.9040|-76.7890|-56.3340
+15.9500|-76.7890|-56.3410
+15.9500|-76.7890|-56.3410
+16.0040|-76.7960|-56.2940
+16.0500|-76.7960|-56.3010
+16.1040|-76.8030|-56.2540
+16.1040|-76.8030|-56.2540
+16.1500|-76.8030|-56.2600
+16.2500|-76.8090|-56.2200
+16.2500|-76.8090|-56.2200
+16.3420|-76.8090|-56.2340
+16.3420|-76.8090|-56.2340
+16.4340|-76.8090|-56.2470
+16.4340|-76.8090|-56.2470
+16.4810|-76.8090|-56.2540
+16.5270|-76.8090|-56.2610
+16.6190|-76.8090|-56.2740
+16.6190|-76.8090|-56.2740
+16.7110|-76.8090|-56.2880
+16.7110|-76.8090|-56.2880
+16.8030|-76.8090|-56.3020
+16.8030|-76.8090|-56.3020
+16.8950|-76.8090|-56.3160
+16.9410|-76.8090|-56.3230
+16.9870|-76.8090|-56.3300
+17.0330|-76.8090|-56.3370
+17.1260|-76.8090|-56.3510
+17.1260|-76.8090|-56.3510
+17.2180|-76.8090|-56.3650
+17.2180|-76.8090|-56.3650
+17.3100|-76.8090|-56.3790
+17.3100|-76.8090|-56.3790
+17.3940|-76.8030|-56.4470
+17.3940|-76.8030|-56.4470
+17.4770|-76.7960|-56.5140
+17.4770|-76.7960|-56.5140
+17.5150|-76.7890|-56.5750
+17.5610|-76.7890|-56.5820
+17.5980|-76.7830|-56.6420
+17.6440|-76.7830|-56.6500
+17.6900|-76.7830|-56.6570
+17.6820|-76.7760|-56.7100
+17.7280|-76.7760|-56.7180
+17.7280|-76.7760|-56.7180
+17.8110|-76.7690|-56.7850
+17.8110|-76.7690|-56.7850
+17.8480|-76.7630|-56.8460
+17.8940|-76.7630|-56.8530
+17.9310|-76.7560|-56.9140
+17.9290|-76.7030|-56.9270
+18.0120|-76.6960|-56.9950
+18.0120|-76.6960|-56.9950
+18.0950|-76.6900|-57.0630
+18.0870|-76.6830|-57.1160
+18.1780|-76.6830|-57.1310
+18.1690|-76.6760|-57.1840
+18.2150|-76.6760|-57.1920
+18.2060|-76.6690|-57.2450
+18.2520|-76.6690|-57.2530
+18.2980|-76.6690|-57.2600
+18.2890|-76.6620|-57.3130
+18.2890|-76.6620|-57.3130
+18.3260|-76.6550|-57.3740
+18.3260|-76.6550|-57.3740
+18.3720|-76.6550|-57.3810
+18.3720|-76.6550|-57.3810
+18.3720|-76.6550|-57.3810
+18.3720|-76.6550|-57.3810
+18.4170|-76.6550|-57.3890
+18.4170|-76.6550|-57.3890
+18.4080|-76.6490|-57.4420
+18.4080|-76.6490|-57.4420
+18.4080|-76.6490|-57.4420
+18.4080|-76.6490|-57.4420
+18.4540|-76.6490|-57.4500
+18.4540|-76.6490|-57.4500
+18.4540|-76.6490|-57.4500
+18.4540|-76.6490|-57.4500
+18.4540|-76.6490|-57.4500
+18.5000|-76.6490|-57.4570
+18.4910|-76.6420|-57.5110
+18.5360|-76.6420|-57.5180
+18.5840|-76.6940|-57.5130
+18.5840|-76.6940|-57.5130
+18.6300|-76.6940|-57.5200
+18.6320|-76.7470|-57.5080
+18.7230|-76.7470|-57.5230
+18.7230|-76.7470|-57.5230
+18.8160|-76.8000|-57.5250
+18.8640|-76.8530|-57.5200
+18.9100|-76.8530|-57.5280
+18.9550|-76.8530|-57.5360
+19.0030|-76.9060|-57.5310
+19.0490|-76.9060|-57.5390
+19.0960|-76.9580|-57.5340
+19.0960|-76.9580|-57.5340
+19.1900|-77.0110|-57.5360
+19.2350|-77.0110|-57.5440
+19.2740|-77.0570|-57.5930
+19.2760|-77.1100|-57.5800
+19.3690|-77.1630|-57.5830
+19.3720|-77.2160|-57.5700
+19.4670|-77.3210|-57.5610
+19.5150|-77.3740|-57.5560
+19.5670|-77.5330|-57.5260
+19.6150|-77.5860|-57.5220
+19.6560|-77.6850|-57.5580
+19.7030|-77.7380|-57.5530
+19.8030|-77.9490|-57.5190
+19.8060|-78.0020|-57.5070
+19.8510|-78.2070|-57.5190
+19.9010|-78.3130|-57.5020
+19.9550|-78.5250|-57.4620
+19.9570|-78.5780|-57.4490
+19.9570|-78.5780|-57.4490
+19.9570|-78.5780|-57.4490
+19.9570|-78.5780|-57.4490
+19.9570|-78.5780|-57.4490
+20.0040|-78.8360|-57.4500
+20.0170|-79.1540|-57.3780
+20.0710|-79.3660|-57.3390
+20.0710|-79.3660|-57.3390
+20.0710|-79.3660|-57.3390
+20.0710|-79.3660|-57.3390
+20.0710|-79.3660|-57.3390
+20.0710|-79.3660|-57.3390
+20.0710|-79.3660|-57.3390
+20.0710|-79.3660|-57.3390
+20.1190|-79.4190|-57.3350
+20.1190|-79.4190|-57.3350
+20.1190|-79.4190|-57.3350
+20.1190|-79.4190|-57.3350
+20.1190|-79.4190|-57.3350
+20.1190|-79.4190|-57.3350
+20.1210|-79.4720|-57.3230
+20.1210|-79.4720|-57.3230
+20.1210|-79.4720|-57.3230
+20.1210|-79.4720|-57.3230
+20.1210|-79.4720|-57.3230
+20.1210|-79.4720|-57.3230
+20.1210|-79.4720|-57.3230
+20.1210|-79.4720|-57.3230
+20.1210|-79.4720|-57.3230
+20.1310|-79.4790|-57.2700
+20.1310|-79.4790|-57.2700
+20.1310|-79.4790|-57.2700
+20.1330|-79.5320|-57.2590
+20.1330|-79.5320|-57.2590
+20.1330|-79.5320|-57.2590
+20.1330|-79.5320|-57.2590
+20.1330|-79.5320|-57.2590
+20.1330|-79.5320|-57.2590
+20.1330|-79.5320|-57.2590
+20.1330|-79.5320|-57.2590
+20.1330|-79.5320|-57.2590
+20.1330|-79.5320|-57.2590
+20.1350|-79.5850|-57.2470
+20.1350|-79.5850|-57.2470
+20.1350|-79.5850|-57.2470
+20.1350|-79.5850|-57.2470
+20.0890|-79.5850|-57.2380
+20.0890|-79.5850|-57.2380
+20.0890|-79.5850|-57.2380
+20.0890|-79.5850|-57.2380
+20.0890|-79.5850|-57.2380
+20.0890|-79.5850|-57.2380
+20.0440|-79.5850|-57.2300
+20.0440|-79.5850|-57.2300
+20.0440|-79.5850|-57.2300
+19.9980|-79.5850|-57.2220
+19.9980|-79.5850|-57.2220
+19.9980|-79.5850|-57.2220
+19.9620|-79.5920|-57.1610
+19.9620|-79.5920|-57.1610
+19.9620|-79.5920|-57.1610
+19.9620|-79.5920|-57.1610
+19.9620|-79.5920|-57.1610
+19.9160|-79.5920|-57.1530
+19.9160|-79.5920|-57.1530
+19.9160|-79.5920|-57.1530
+19.9160|-79.5920|-57.1530
+19.9160|-79.5920|-57.1530
+19.9160|-79.5920|-57.1530
+19.9160|-79.5920|-57.1530
+19.9160|-79.5920|-57.1530
+19.9160|-79.5920|-57.1530
+19.9160|-79.5920|-57.1530
+19.9160|-79.5920|-57.1530
+19.9160|-79.5920|-57.1530
+19.9160|-79.5920|-57.1530
+19.9160|-79.5920|-57.1530
+19.9160|-79.5920|-57.1530
+19.8700|-79.5920|-57.1440
+19.8700|-79.5920|-57.1440
+19.8700|-79.5920|-57.1440
+19.8720|-79.6450|-57.1330
+19.8720|-79.6450|-57.1330
+19.8720|-79.6450|-57.1330
+19.8720|-79.6450|-57.1330
+19.8720|-79.6450|-57.1330
+19.8720|-79.6450|-57.1330
+19.8720|-79.6450|-57.1330
+19.8720|-79.6450|-57.1330
+19.8720|-79.6450|-57.1330
+19.8720|-79.6450|-57.1330
+19.8720|-79.6450|-57.1330
+19.8720|-79.6450|-57.1330
+19.8720|-79.6450|-57.1330
+19.8720|-79.6450|-57.1330
+19.8720|-79.6450|-57.1330
+19.8720|-79.6450|-57.1330
+19.8630|-79.6380|-57.1860
+19.8630|-79.6380|-57.1860
+19.8630|-79.6380|-57.1860
+19.8630|-79.6380|-57.1860
+19.8630|-79.6380|-57.1860
+19.8630|-79.6380|-57.1860
+19.9090|-79.6380|-57.1940
+19.9090|-79.6380|-57.1940
+19.9090|-79.6380|-57.1940
+19.9090|-79.6380|-57.1940
+19.9090|-79.6380|-57.1940
+19.9090|-79.6380|-57.1940
+19.9090|-79.6380|-57.1940
+19.9090|-79.6380|-57.1940
+19.9090|-79.6380|-57.1940
+19.9090|-79.6380|-57.1940
+19.9090|-79.6380|-57.1940
+19.9090|-79.6380|-57.1940
+19.9090|-79.6380|-57.1940
+19.9090|-79.6380|-57.1940
+19.8990|-79.6310|-57.2470
+19.8990|-79.6310|-57.2470
+19.8990|-79.6310|-57.2470
+19.8990|-79.6310|-57.2470
+19.8990|-79.6310|-57.2470
+19.9450|-79.6310|-57.2550
+19.9450|-79.6310|-57.2550
+19.9450|-79.6310|-57.2550
+19.9450|-79.6310|-57.2550
+19.9450|-79.6310|-57.2550
+19.9450|-79.6310|-57.2550
+19.9450|-79.6310|-57.2550
+19.9450|-79.6310|-57.2550
+19.9350|-79.6240|-57.3080
+19.9350|-79.6240|-57.3080
+19.9350|-79.6240|-57.3080
+19.9350|-79.6240|-57.3080
+19.9350|-79.6240|-57.3080
+19.9350|-79.6240|-57.3080
+19.9350|-79.6240|-57.3080
+19.9350|-79.6240|-57.3080
+19.9350|-79.6240|-57.3080
+19.9350|-79.6240|-57.3080
+19.9350|-79.6240|-57.3080
+19.9260|-79.6170|-57.3610
+19.9260|-79.6170|-57.3610
+19.9260|-79.6170|-57.3610
+19.9260|-79.6170|-57.3610
+19.9260|-79.6170|-57.3610
+19.9260|-79.6170|-57.3610
+19.9260|-79.6170|-57.3610
+19.9260|-79.6170|-57.3610
+19.9260|-79.6170|-57.3610
+19.9260|-79.6170|-57.3610
+19.9260|-79.6170|-57.3610
+19.9160|-79.6100|-57.4140
+19.9160|-79.6100|-57.4140
+19.9140|-79.5570|-57.4260
+19.9140|-79.5570|-57.4260
+19.9140|-79.5570|-57.4260
+19.9140|-79.5570|-57.4260
+19.9140|-79.5570|-57.4260
+19.9140|-79.5570|-57.4260
+19.9050|-79.5500|-57.4790
+19.9050|-79.5500|-57.4790
+19.9050|-79.5500|-57.4790
+19.9050|-79.5500|-57.4790
+19.9050|-79.5500|-57.4790
+19.9050|-79.5500|-57.4790
+19.9050|-79.5500|-57.4790
+19.9050|-79.5500|-57.4790
+19.9050|-79.5500|-57.4790
+19.8950|-79.5430|-57.5320
+19.8950|-79.5430|-57.5320
+19.8950|-79.5430|-57.5320
+19.8950|-79.5430|-57.5320
+19.8860|-79.5360|-57.5850
+19.8860|-79.5360|-57.5850
+19.8840|-79.4830|-57.5970
+19.8840|-79.4830|-57.5970
+19.8740|-79.4760|-57.6500
+19.8740|-79.4760|-57.6500
+19.8740|-79.4760|-57.6500
+19.8620|-79.4150|-57.7150
+19.8620|-79.4150|-57.7150
+19.8620|-79.4150|-57.7150
+19.8530|-79.4080|-57.7680
+19.8430|-79.4010|-57.8210
+19.8430|-79.4010|-57.8210
+19.8220|-79.3330|-57.9380
+19.8220|-79.3330|-57.9380
+19.7940|-79.3110|-58.0970
+19.7840|-79.3040|-58.1500
+19.7650|-79.2890|-58.2560
+19.7650|-79.2890|-58.2560
+19.7460|-79.2740|-58.3620
+19.7370|-79.2670|-58.4150
+19.7200|-79.3050|-58.5090
+19.7100|-79.2970|-58.5620
+19.6460|-79.2820|-58.6600
+19.6370|-79.2750|-58.7130
+19.6180|-79.2590|-58.8190
+19.6080|-79.2520|-58.8720
+19.5890|-79.2360|-58.9780
+19.5800|-79.2290|-59.0310
+19.5610|-79.2130|-59.1370
+19.5610|-79.2130|-59.1370
+19.4870|-79.1900|-59.2880
+19.4870|-79.1900|-59.2880
+19.4590|-79.1660|-59.4460
+19.4520|-79.2110|-59.4870
+19.3880|-79.1950|-59.5850
+19.3790|-79.1870|-59.6380
+19.3060|-79.1630|-59.7890
+19.2960|-79.1550|-59.8420
+19.2700|-79.1840|-59.9890
+19.2700|-79.1840|-59.9890
+19.1970|-79.1590|-60.1400
+19.1880|-79.1510|-60.1920
+19.1250|-79.1340|-60.2900
+19.1160|-79.1260|-60.3430
+19.0970|-79.1090|-60.4490
+19.0450|-79.1540|-60.4820
+19.0270|-79.1370|-60.5880
+18.9820|-79.1370|-60.5800
+18.9640|-79.1200|-60.6860
+18.9540|-79.1120|-60.7390
+18.9010|-79.1030|-60.7840
+18.8910|-79.0950|-60.8370
+18.8310|-79.1310|-60.9230
+18.8220|-79.1220|-60.9760
+18.7680|-79.1130|-61.0210
+18.7590|-79.1050|-61.0740
+18.7400|-79.0880|-61.1790
+18.7400|-79.0880|-61.1790
+18.6780|-79.0700|-61.2770
+18.6780|-79.0700|-61.2770
+18.6620|-79.1060|-61.3710
+18.6620|-79.1060|-61.3710
+18.5990|-79.0880|-61.4690
+18.5900|-79.0790|-61.5220
+18.5720|-79.0620|-61.6280
+18.5720|-79.0620|-61.6280
+18.5620|-79.0530|-61.6810
+18.5530|-79.0440|-61.7330
+18.5460|-79.0880|-61.7740
+18.5460|-79.0880|-61.7740
+18.5280|-79.0700|-61.8800
+18.5280|-79.0700|-61.8800
+18.5090|-79.0520|-61.9860
+18.5090|-79.0520|-61.9860
+18.4560|-79.0430|-62.0310
+18.4470|-79.0340|-62.0840
+18.4380|-79.0250|-62.1360
+18.4290|-79.0160|-62.1890
+18.4220|-79.0600|-62.2300
+18.4130|-79.0500|-62.2830
+18.4030|-79.0410|-62.3360
+18.4030|-79.0410|-62.3360
+18.3850|-79.0230|-62.4410
+18.3850|-79.0230|-62.4410
+18.3670|-79.0040|-62.5470
+18.3230|-79.0040|-62.5390
+18.3160|-79.0480|-62.5800
+18.3070|-79.0390|-62.6330
+18.2980|-79.0300|-62.6860
+18.2450|-79.0200|-62.7310
+18.2360|-79.0110|-62.7840
+18.2270|-79.0010|-62.8370
+18.1750|-78.9920|-62.8820
+18.1660|-78.9830|-62.9350
+18.1130|-78.9730|-62.9800
+18.1060|-79.0170|-63.0210
+18.0970|-79.0070|-63.0740
+18.0880|-78.9980|-63.1260
+18.0360|-78.9880|-63.1720
+18.0270|-78.9790|-63.2240
+17.9650|-78.9590|-63.3220
+17.9650|-78.9590|-63.3220
+17.9490|-78.9930|-63.4160
+17.9060|-78.9930|-63.4090
+17.8450|-78.9740|-63.5070
+17.8360|-78.9640|-63.5600
+17.8180|-78.9450|-63.6650
+17.8180|-78.9450|-63.6650
+17.7590|-78.9780|-63.7510
+17.7590|-78.9780|-63.7510
+17.6980|-78.9580|-63.8500
+17.6890|-78.9490|-63.9020
+17.6380|-78.9390|-63.9480
+17.6290|-78.9290|-64.0000
+17.5790|-78.9720|-64.0340
+17.5700|-78.9620|-64.0870
+17.5180|-78.9520|-64.1320
+17.5090|-78.9420|-64.1850
+17.4490|-78.9220|-64.2830
+17.4400|-78.9120|-64.3360
+17.3880|-78.9020|-64.3810
+17.3800|-78.8920|-64.4340
+17.3210|-78.9240|-64.5210
+17.3210|-78.9240|-64.5210
+17.2610|-78.9040|-64.6190
+17.2520|-78.8940|-64.6710
+17.2030|-78.9370|-64.7050
+17.1510|-78.9260|-64.7510
+17.0920|-78.9060|-64.8490
+17.0830|-78.8950|-64.9020
+17.0320|-78.8850|-64.9470
+16.9800|-78.8750|-64.9930
+16.9230|-78.9070|-65.0800
+16.9230|-78.9070|-65.0800
+16.8630|-78.8860|-65.1780
+16.8630|-78.8860|-65.1780
+16.8050|-78.9180|-65.2650
+16.8050|-78.9180|-65.2650
+16.7460|-78.8970|-65.3630
+16.7370|-78.8870|-65.4160
+16.6860|-78.8760|-65.4620
+16.6350|-78.8650|-65.5070
+16.5850|-78.8550|-65.5530
+16.5780|-78.8970|-65.5940
+16.4770|-78.8760|-65.6860
+16.4770|-78.8760|-65.6860
+16.4260|-78.8650|-65.7320
+16.3750|-78.8540|-65.7780
+16.3270|-78.8970|-65.8120
+16.3270|-78.8970|-65.8120
+16.2760|-78.8860|-65.8580
+16.2260|-78.8750|-65.9040
+16.1750|-78.8640|-65.9500
+16.1750|-78.8640|-65.9500
+16.1250|-78.8540|-65.9960
+16.1250|-78.8540|-65.9960
+16.0760|-78.8960|-66.0300
+16.0260|-78.8850|-66.0760
+16.0260|-78.8850|-66.0760
+15.9840|-78.8850|-66.0700
+15.9760|-78.8740|-66.1220
+15.9340|-78.8740|-66.1160
+15.9340|-78.8740|-66.1160
+15.8920|-78.8740|-66.1090
+15.8920|-78.8740|-66.1090
+15.8920|-78.8740|-66.1090
+15.8410|-78.8630|-66.1550
+15.8410|-78.8630|-66.1550
+15.8430|-78.9160|-66.1440
+15.8010|-78.9160|-66.1370
+15.8010|-78.9160|-66.1370
+15.8010|-78.9160|-66.1370
+15.7590|-78.9160|-66.1310
+15.7590|-78.9160|-66.1310
+15.7590|-78.9160|-66.1310
+15.7590|-78.9160|-66.1310
+15.7590|-78.9160|-66.1310
+15.7170|-78.9160|-66.1240
+15.7170|-78.9160|-66.1240
+15.7170|-78.9160|-66.1240
+15.7170|-78.9160|-66.1240
+15.7170|-78.9160|-66.1240
+15.7170|-78.9160|-66.1240
+15.7090|-78.9050|-66.1770
+15.7090|-78.9050|-66.1770
+15.7090|-78.9050|-66.1770
+15.7090|-78.9050|-66.1770
+15.7090|-78.9050|-66.1770
+15.7090|-78.9050|-66.1770
+15.6590|-78.8940|-66.2230
+15.6590|-78.8940|-66.2230
+15.6590|-78.8940|-66.2230
+15.6170|-78.8940|-66.2170
+15.5670|-78.8830|-66.2630
+15.5170|-78.8720|-66.3090
+15.5170|-78.8720|-66.3090
+15.4250|-78.8610|-66.3490
+15.4250|-78.8610|-66.3490
+15.3330|-78.8500|-66.3890
+15.2910|-78.8500|-66.3820
+15.2420|-78.8390|-66.4290
+15.2000|-78.8390|-66.4230
+15.1020|-78.8700|-66.5040
+15.1020|-78.8700|-66.5040
+15.0100|-78.8590|-66.5440
+14.9690|-78.8590|-66.5380
+14.9190|-78.8480|-66.5840
+14.8710|-78.8900|-66.6190
+14.7800|-78.8780|-66.6600
+14.7800|-78.8780|-66.6600
+14.6890|-78.8670|-66.7000
+14.6810|-78.8560|-66.7530
+14.5900|-78.8450|-66.7940
+14.5480|-78.8450|-66.7880
+14.4510|-78.8750|-66.8690
+14.4090|-78.8750|-66.8640
+14.3190|-78.8640|-66.9040
+14.2690|-78.8520|-66.9510
+14.1790|-78.8410|-66.9920
+14.1790|-78.8410|-66.9920
+14.0480|-78.8830|-67.0160
+13.9990|-78.8710|-67.0630
+13.9080|-78.8600|-67.1040
+13.9080|-78.8600|-67.1040
+13.7760|-78.8480|-67.1390
+13.7280|-78.8370|-67.1860
+13.6440|-78.8370|-67.1750
+13.5970|-78.8790|-67.2110
+13.5140|-78.8790|-67.2000
+13.4650|-78.8670|-67.2470
+13.3340|-78.8550|-67.2830
+13.3340|-78.8550|-67.2830
+13.2440|-78.8440|-67.3250
+13.2020|-78.8440|-67.3190
+13.1210|-78.8970|-67.2970
+13.1210|-78.8970|-67.2970
+13.0310|-78.8850|-67.3390
+13.0310|-78.8850|-67.3390
+12.9820|-78.8740|-67.3860
+12.9410|-78.8740|-67.3810
+12.8930|-78.8620|-67.4280
+12.8930|-78.8620|-67.4280
+12.8100|-78.8620|-67.4180
+12.8100|-78.8620|-67.4180
+12.7610|-78.8500|-67.4650
+12.7610|-78.8500|-67.4650
+12.6790|-78.8500|-67.4540
+12.6790|-78.8500|-67.4540
+12.6370|-78.8500|-67.4490
+12.6370|-78.8500|-67.4490
+12.6370|-78.8500|-67.4490
+12.6370|-78.8500|-67.4490
+12.5960|-78.8500|-67.4440
+12.5960|-78.8500|-67.4440
+12.5960|-78.8500|-67.4440
+12.5970|-78.9040|-67.4330
+12.5970|-78.9040|-67.4330
+12.5970|-78.9040|-67.4330
+12.5970|-78.9040|-67.4330
+12.5550|-78.9040|-67.4280
+12.5550|-78.9040|-67.4280
+12.5550|-78.9040|-67.4280
+12.5550|-78.9040|-67.4280
+12.5140|-78.9040|-67.4220
+12.5140|-78.9040|-67.4220
+12.4720|-78.9040|-67.4170
+12.4720|-78.9040|-67.4170
+12.4310|-78.9040|-67.4120
+12.4310|-78.9040|-67.4120
+12.3890|-78.9040|-67.4070
+12.3890|-78.9040|-67.4070
+12.3480|-78.9040|-67.4020
+12.3480|-78.9040|-67.4020
+12.3060|-78.9040|-67.3970
+12.3060|-78.9040|-67.3970
+12.2650|-78.9040|-67.3920
+12.2650|-78.9040|-67.3920
+12.1820|-78.9040|-67.3820
+12.1820|-78.9040|-67.3820
+12.0990|-78.9040|-67.3720
+12.0990|-78.9040|-67.3720
+12.0160|-78.9040|-67.3620
+12.0160|-78.9040|-67.3620
+11.9330|-78.9040|-67.3520
+11.9330|-78.9040|-67.3520
+11.8500|-78.9040|-67.3420
+11.8080|-78.9040|-67.3370
+11.7250|-78.9040|-67.3280
+11.7250|-78.9040|-67.3280
+11.6420|-78.9040|-67.3180
+11.6420|-78.9040|-67.3180
+11.5590|-78.9040|-67.3090
+11.5590|-78.9040|-67.3090
+11.4760|-78.9040|-67.2990
+11.4340|-78.9040|-67.2940
+11.3510|-78.9040|-67.2850
+11.3100|-78.9040|-67.2800
+11.3100|-78.9040|-67.2800
+11.2280|-78.9570|-67.2600
+11.2280|-78.9570|-67.2600
+11.1860|-78.9570|-67.2550
+11.1450|-78.9570|-67.2510
+11.0610|-78.9570|-67.2410
+11.0610|-78.9570|-67.2410
+10.9780|-78.9570|-67.2320
+10.9780|-78.9570|-67.2320
+10.8950|-78.9570|-67.2230
+10.8950|-78.9570|-67.2230
+10.8530|-78.9570|-67.2190
+10.8530|-78.9570|-67.2190
+10.7700|-78.9570|-67.2100
+10.7700|-78.9570|-67.2100
+10.6870|-78.9570|-67.2010
+10.6870|-78.9570|-67.2010
+10.6460|-78.9570|-67.1970
+10.6460|-78.9570|-67.1970
+10.6040|-78.9570|-67.1920
+10.6040|-78.9570|-67.1920
+10.5620|-78.9570|-67.1880
+10.5620|-78.9570|-67.1880
+10.5210|-78.9570|-67.1840
+10.5210|-78.9570|-67.1840
+10.4790|-78.9570|-67.1790
+10.4380|-78.9570|-67.1750
+10.4380|-78.9570|-67.1750
+10.3960|-78.9570|-67.1710
+10.3960|-78.9570|-67.1710
+10.3540|-78.9570|-67.1670
+10.3540|-78.9570|-67.1670
+10.3130|-78.9570|-67.1620
+10.2710|-78.9570|-67.1580
+10.2300|-78.9570|-67.1540
+10.2300|-78.9570|-67.1540
+10.1880|-78.9570|-67.1500
+10.1460|-78.9570|-67.1450
+10.1460|-78.9570|-67.1450
+10.1050|-78.9570|-67.1410
+10.0630|-78.9570|-67.1370
+10.0630|-78.9570|-67.1370
+9.98000|-78.9570|-67.1290
+9.98000|-78.9570|-67.1290
+9.89700|-78.9570|-67.1210
+9.89700|-78.9570|-67.1210
+9.81300|-78.9570|-67.1130
+9.81300|-78.9570|-67.1130
+9.77200|-78.9570|-67.1090
+9.77200|-78.9570|-67.1090
+9.64700|-78.9570|-67.0970
+9.64700|-78.9570|-67.0970
+9.56400|-78.9570|-67.0890
+9.52200|-78.9570|-67.0850
+9.43900|-78.9570|-67.0770
+9.43900|-78.9570|-67.0770
+9.35500|-78.9570|-67.0690
+9.31400|-78.9570|-67.0650
+9.23000|-78.9570|-67.0580
+9.18900|-78.9570|-67.0540
+9.10500|-78.9570|-67.0470
+9.06400|-78.9570|-67.0430
+8.98000|-78.9570|-67.0350
+8.98000|-78.9570|-67.0350
+8.89700|-78.9570|-67.0280
+8.89700|-78.9570|-67.0280
+8.77200|-78.9570|-67.0170
+8.68900|-78.9570|-67.0100
+8.64700|-78.9570|-67.0060
+8.52200|-78.9570|-66.9960
+8.52200|-78.9570|-66.9960
+8.43900|-78.9570|-66.9890
+8.39700|-78.9570|-66.9850
+8.31400|-78.9570|-66.9780
+8.31400|-78.9570|-66.9780
+8.14700|-78.9570|-66.9650
+8.14700|-78.9570|-66.9650
+8.06400|-78.9570|-66.9580
+8.02200|-78.9570|-66.9550
+7.98000|-78.9570|-66.9520
+7.93800|-78.9570|-66.9480
+7.85500|-78.9570|-66.9420
+7.81300|-78.9570|-66.9390
+7.73000|-78.9570|-66.9320
+7.73000|-78.9570|-66.9320
+7.64700|-78.9570|-66.9260
+7.60500|-78.9570|-66.9230
+7.56300|-78.9570|-66.9200
+7.56300|-78.9570|-66.9200
+7.48000|-78.9570|-66.9140
+7.48000|-78.9570|-66.9140
+7.39600|-78.9570|-66.9070
+7.35500|-78.9570|-66.9040
+7.31700|-78.9690|-66.8480
+7.27500|-78.9690|-66.8450
+7.27500|-78.9690|-66.8450
+7.19100|-78.9690|-66.8400
+7.19200|-79.0220|-66.8280
+6.98400|-79.0220|-66.8140
+6.98400|-79.0220|-66.8140
+6.77500|-79.0220|-66.7990
+6.73300|-79.0220|-66.7970
+6.64900|-79.0220|-66.7910
+6.60800|-79.0220|-66.7880
+6.11000|-79.0330|-66.7040
+6.06800|-79.0330|-66.7020
+5.85900|-79.0330|-66.6890
+5.82000|-79.0450|-66.6340
+5.73600|-79.0450|-66.6290
+5.69500|-79.0450|-66.6270
+5.56900|-79.0450|-66.6200
+5.52700|-79.0450|-66.6180
+5.44400|-79.0450|-66.6130
+5.44400|-79.0450|-66.6130
+5.32100|-79.0570|-66.5530
+5.32100|-79.0570|-66.5530
+5.19500|-79.0570|-66.5470
+5.15300|-79.0570|-66.5450
+5.02800|-79.0570|-66.5390
+5.02800|-79.0570|-66.5390
+4.94400|-79.0570|-66.5340
+4.90200|-79.0570|-66.5320
+4.86000|-79.0570|-66.5300
+4.81900|-79.0570|-66.5280
+4.77900|-79.0680|-66.4730
+4.73700|-79.0680|-66.4710
+4.61200|-79.0680|-66.4660
+4.57000|-79.0680|-66.4640
+4.52800|-79.0680|-66.4620
+4.48600|-79.0680|-66.4600
+4.44400|-79.0680|-66.4580
+4.44400|-79.0680|-66.4580
+4.36200|-79.0800|-66.4020
+4.36200|-79.0800|-66.4020
+4.27900|-79.0800|-66.3980
+4.27900|-79.0800|-66.3980
+4.23700|-79.0800|-66.3960
+4.19500|-79.0800|-66.3950
+4.19500|-79.0800|-66.3950
+4.15300|-79.0800|-66.3930
+4.15300|-79.0800|-66.3930
+4.15300|-79.0800|-66.3930
+4.11300|-79.0910|-66.3380
+4.11300|-79.0910|-66.3380
+4.02900|-79.0910|-66.3350
+4.02900|-79.0910|-66.3350
+3.98700|-79.0910|-66.3330
+3.98700|-79.0910|-66.3330
+3.94500|-79.0910|-66.3310
+3.90300|-79.0910|-66.3300
+3.86100|-79.0910|-66.3280
+3.86100|-79.0910|-66.3280
+3.77900|-79.1030|-66.2720
+3.77900|-79.1030|-66.2720
+3.73700|-79.1030|-66.2700
+3.69500|-79.1030|-66.2690
+3.65300|-79.1030|-66.2670
+3.61200|-79.1030|-66.2660
+3.57000|-79.1030|-66.2640
+3.57000|-79.1030|-66.2640
+3.48700|-79.1140|-66.2080
+3.48700|-79.1140|-66.2080
+3.40300|-79.1140|-66.2060
+3.40300|-79.1140|-66.2060
+3.36100|-79.1140|-66.2040
+3.31900|-79.1140|-66.2030
+3.27900|-79.1260|-66.1480
+3.27900|-79.1260|-66.1480
+3.19500|-79.1260|-66.1460
+3.19500|-79.1260|-66.1460
+3.11100|-79.1260|-66.1430
+3.11100|-79.1260|-66.1430
+3.06900|-79.1260|-66.1420
+3.07100|-79.1370|-66.0890
+2.98600|-79.1370|-66.0860
+2.98600|-79.1370|-66.0860
+2.94400|-79.1370|-66.0850
+2.90200|-79.1370|-66.0840
+2.86000|-79.1370|-66.0830
+2.86000|-79.1370|-66.0830
+2.81800|-79.1370|-66.0820
+2.77600|-79.1370|-66.0800
+2.73600|-79.1490|-66.0260
+2.73600|-79.1490|-66.0260
+2.65100|-79.1490|-66.0240
+2.65100|-79.1490|-66.0240
+2.56700|-79.1490|-66.0220
+2.56900|-79.1600|-65.9690
+2.52600|-79.1600|-65.9680
+2.48400|-79.1600|-65.9670
+2.44200|-79.1600|-65.9660
+2.44400|-79.1720|-65.9130
+2.35900|-79.1720|-65.9110
+2.35900|-79.1720|-65.9110
+2.31700|-79.1720|-65.9100
+2.27600|-79.1830|-65.8560
+2.23400|-79.1830|-65.8550
+2.23400|-79.1830|-65.8550
+2.15000|-79.1830|-65.8530
+2.15000|-79.1830|-65.8530
+2.10900|-79.1940|-65.7990
+2.06700|-79.1940|-65.7980
+2.06700|-79.1940|-65.7980
+1.98300|-79.2060|-65.7430
+1.98300|-79.2060|-65.7430
+1.94100|-79.2060|-65.7420
+1.89900|-79.2060|-65.7420
+1.85700|-79.2060|-65.7410
+1.85700|-79.2060|-65.7410
+1.77300|-79.2170|-65.6860
+1.73100|-79.2170|-65.6850
+1.69000|-79.2280|-65.6320
+1.64700|-79.2280|-65.6310
+1.56300|-79.2280|-65.6300
+1.56300|-79.2280|-65.6300
+1.47900|-79.2400|-65.5750
+1.43700|-79.2400|-65.5750
+1.39500|-79.2400|-65.5740
+1.35200|-79.2400|-65.5730
+1.26900|-79.2620|-65.4660
+1.26900|-79.2620|-65.4660
+1.14200|-79.2620|-65.4650
+1.10000|-79.2620|-65.4640
+1.01600|-79.2730|-65.4100
+0.97400|-79.2730|-65.4100
+0.93100|-79.2730|-65.4090
+0.88900|-79.2730|-65.4090
+0.80500|-79.2840|-65.3550
+0.76200|-79.2840|-65.3550
+0.67800|-79.2960|-65.3010
+0.63600|-79.2960|-65.3010
+0.55100|-79.3070|-65.2470
+0.55100|-79.3070|-65.2470
+0.46600|-79.2530|-65.2580
+0.42400|-79.2530|-65.2580
+0.38200|-79.2530|-65.2580
+0.38200|-79.2530|-65.2580
+0.29700|-79.2650|-65.2040
+0.29700|-79.2650|-65.2040
+0.25500|-79.2760|-65.1510
+0.25500|-79.2760|-65.1510
+0.21200|-79.2760|-65.1510
+0.21200|-79.2760|-65.1510
+0.17000|-79.2760|-65.1510
+0.12700|-79.2760|-65.1510
+0.12700|-79.2870|-65.0970
+0.08500|-79.2870|-65.0970
+0.08500|-79.2870|-65.0970
+0.08500|-79.2870|-65.0970
+0.08500|-79.2980|-65.0440
+0.04200|-79.2980|-65.0440
+0.04200|-79.2980|-65.0440
+0.04300|-79.3090|-64.9910
+0.00000|-79.3090|-64.9910
-0.04300|-79.3090|-64.9910
-0.08500|-79.3090|-64.9910
-0.12800|-79.3200|-64.9380
-0.17000|-79.3200|-64.9380
-0.17000|-79.3200|-64.9380
-0.21300|-79.3310|-64.8850
-0.25500|-79.3310|-64.8850
-0.29800|-79.3530|-64.7780
-0.34100|-79.3530|-64.7790
-0.42600|-79.3530|-64.7790
-0.42600|-79.3640|-64.7260
-0.51100|-79.3640|-64.7260
-0.55400|-79.3750|-64.6730
-0.64000|-79.3850|-64.6200
-0.64000|-79.3850|-64.6200
-0.72500|-79.3960|-64.5680
-0.72500|-79.3960|-64.5680
-0.85400|-79.4070|-64.5150
-0.85400|-79.4180|-64.4620
-0.94000|-79.4180|-64.4630
-0.98300|-79.4290|-64.4100
-1.02600|-79.3750|-64.4220
-1.06900|-79.3860|-64.3690
-1.11200|-79.3860|-64.3690
-1.15500|-79.3970|-64.3170
-1.19800|-79.3970|-64.3170
-1.19800|-79.4080|-64.2640
-1.24100|-79.4080|-64.2640
-1.28500|-79.4180|-64.2120
-1.32800|-79.4180|-64.2120
-1.32800|-79.4180|-64.2120
-1.37100|-79.4290|-64.1590
-1.37100|-79.4290|-64.1590
-1.41500|-79.4400|-64.1070
-1.41500|-79.4400|-64.1070
-1.45800|-79.3970|-64.0650
-1.45800|-79.3970|-64.0650
-1.50100|-79.3970|-64.0660
-1.50200|-79.4080|-64.0130
-1.54500|-79.4080|-64.0130
-1.54500|-79.4080|-64.0130
-1.58800|-79.4180|-63.9610
-1.58800|-79.4180|-63.9610
-1.63100|-79.4180|-63.9610
-1.63200|-79.4290|-63.9080
-1.63200|-79.4290|-63.9080
-1.67500|-79.4290|-63.9090
-1.67600|-79.4400|-63.8550
-1.67600|-79.4400|-63.8550
-1.67700|-79.4500|-63.8020
-1.72000|-79.4500|-63.8030
-1.72100|-79.4610|-63.7500
-1.76400|-79.4610|-63.7500
-1.76500|-79.4710|-63.6970
-1.80800|-79.4710|-63.6980
-1.80800|-79.4810|-63.6440
-1.85200|-79.4810|-63.6450
-1.89600|-79.4920|-63.5930
-1.89600|-79.4920|-63.5930
-1.94000|-79.4600|-63.4980
-1.98400|-79.4600|-63.4990
-2.02800|-79.4700|-63.4460
-2.07200|-79.4800|-63.3940
-2.11600|-79.4910|-63.3410
-2.11600|-79.4910|-63.3410
-2.16100|-79.5110|-63.2360
-2.20500|-79.5110|-63.2370
-2.24900|-79.4680|-63.1960
-2.29300|-79.4790|-63.1430
-2.33800|-79.4890|-63.0910
-2.33900|-79.4990|-63.0370
-2.38300|-79.5090|-62.9850
-2.42800|-79.5190|-62.9330
-2.47200|-79.5290|-62.8800
-2.47400|-79.5400|-62.8270
-2.56200|-79.5500|-62.7760
-2.56300|-79.5600|-62.7220
-2.65100|-79.5700|-62.6710
-2.65100|-79.5170|-62.6820
-2.69700|-79.5370|-62.5770
-2.69700|-79.5370|-62.5770
-2.74300|-79.5570|-62.4710
-2.78700|-79.5570|-62.4720
-2.83300|-79.5760|-62.3670
-2.83300|-79.5760|-62.3670
-2.87800|-79.5860|-62.3140
-2.88000|-79.5960|-62.2610
-2.92500|-79.5530|-62.2200
-2.92600|-79.5630|-62.1670
-2.97100|-79.5730|-62.1150
-2.97100|-79.5730|-62.1150
-3.01600|-79.5820|-62.0620
-3.01800|-79.5920|-62.0090
-3.06300|-79.6020|-61.9570
-3.06300|-79.6020|-61.9570
-3.06500|-79.6120|-61.9030
-3.11000|-79.6210|-61.8510
-3.11200|-79.6310|-61.7980
-3.11100|-79.5780|-61.8090
-3.15800|-79.5970|-61.7040
-3.15800|-79.5970|-61.7040
-3.20400|-79.6070|-61.6510
-3.20400|-79.6070|-61.6510
-3.24900|-79.6160|-61.5990
-3.25100|-79.6260|-61.5460
-3.25300|-79.6350|-61.4920
-3.29600|-79.6350|-61.4940
-3.29800|-79.6450|-61.4400
-3.29800|-79.6450|-61.4400
-3.34500|-79.6110|-61.3460
-3.34500|-79.6110|-61.3460
-3.39100|-79.6200|-61.2940
-3.39200|-79.6300|-61.2410
-3.43800|-79.6390|-61.1890
-3.48400|-79.6480|-61.1370
-3.53000|-79.6580|-61.0840
-3.53000|-79.6580|-61.0840
-3.57800|-79.6760|-60.9790
-3.62300|-79.6860|-60.9270
-3.66900|-79.6950|-60.8750
-3.66900|-79.6420|-60.8860
-3.76100|-79.6600|-60.7830
-3.76300|-79.6700|-60.7290
-3.80900|-79.6790|-60.6770
-3.81100|-79.6880|-60.6230
-3.90400|-79.7060|-60.5200
-3.90600|-79.7150|-60.4660
-3.95200|-79.7250|-60.4140
-3.99800|-79.7340|-60.3620
-4.04600|-79.6990|-60.2680
-4.04600|-79.6990|-60.2680
-4.09500|-79.7160|-60.1630
-4.09700|-79.7250|-60.1090
-4.14300|-79.7340|-60.0580
-4.14500|-79.7430|-60.0040
-4.19400|-79.7610|-59.8990
-4.19400|-79.7610|-59.8990
-4.24100|-79.7700|-59.8470
-4.24300|-79.7790|-59.7930
-4.29200|-79.7960|-59.6880
-4.29100|-79.7430|-59.6990
-4.34000|-79.7610|-59.5940
-4.34000|-79.7610|-59.5940
-4.38900|-79.7780|-59.4890
-4.38900|-79.7780|-59.4890
-4.43600|-79.7870|-59.4370
-4.43800|-79.7950|-59.3830
-4.48500|-79.8040|-59.3310
-4.48500|-79.8040|-59.3310
-4.53400|-79.7680|-59.2380
-4.53400|-79.7680|-59.2380
-4.58400|-79.7850|-59.1320
-4.58400|-79.7850|-59.1320
-4.68000|-79.8110|-58.9750
-4.68000|-79.8110|-58.9750
-4.72800|-79.8190|-58.9240
-4.73000|-79.8280|-58.8700
-4.77700|-79.8360|-58.8180
-4.78000|-79.8440|-58.7650
-4.82700|-79.8530|-58.7130
-4.82700|-79.8530|-58.7130
-4.87400|-79.8080|-58.6730
-4.92100|-79.8160|-58.6210
-4.92400|-79.8250|-58.5680
-4.97100|-79.8330|-58.5160
-4.97400|-79.8410|-58.4620
-5.01900|-79.8410|-58.4650
-5.02400|-79.8580|-58.3570
-5.06900|-79.8580|-58.3590
-5.07200|-79.8660|-58.3060
-5.11900|-79.8740|-58.2540
-5.12100|-79.8290|-58.2120
-5.12100|-79.8290|-58.2120
-5.16900|-79.8370|-58.1600
-5.17200|-79.8450|-58.1070
-5.21900|-79.8530|-58.0550
-5.22200|-79.8610|-58.0020
-5.22500|-79.8690|-57.9480
-5.27000|-79.8690|-57.9500
-5.27500|-79.8850|-57.8430
-5.32300|-79.8930|-57.7910
-5.32600|-79.9010|-57.7380
-5.37400|-79.9090|-57.6860
-5.37600|-79.9170|-57.6320
-5.42400|-79.8720|-57.5930
-5.47200|-79.8800|-57.5410
-5.47500|-79.8880|-57.4870
-5.52600|-79.9030|-57.3820
-5.57400|-79.9110|-57.3310
-5.57900|-79.9270|-57.2230
-5.62500|-79.9270|-57.2260
-5.63100|-79.9420|-57.1180
-5.67600|-79.9420|-57.1210
-5.68200|-79.9570|-57.0130
-5.73000|-79.9650|-56.9620
-5.73300|-79.9190|-56.9200
-5.73500|-79.9270|-56.8660
-5.78700|-79.9420|-56.7610
-5.78700|-79.9420|-56.7610
-5.79000|-79.9500|-56.7070
-5.79200|-79.9570|-56.6530
-5.84100|-79.9650|-56.6020
-5.84400|-79.9720|-56.5480
-5.84700|-79.9790|-56.4940
-5.84700|-79.9790|-56.4940
-5.85200|-79.9940|-56.3870
-5.85200|-79.9940|-56.3870
-5.85500|-80.0020|-56.3330
-5.85800|-80.0090|-56.2790
-5.86100|-80.0160|-56.2260
-5.86100|-80.0160|-56.2260
-5.86400|-80.0240|-56.1720
-5.86600|-80.0310|-56.1180
-5.91500|-80.0380|-56.0670
-5.91500|-80.0380|-56.0670
-5.91800|-80.0450|-56.0130
-5.91800|-80.0450|-56.0130
-5.92100|-80.0520|-55.9590
-5.97000|-80.0600|-55.9080
-5.97300|-80.0670|-55.8540
-5.97300|-80.0670|-55.8540
-6.02100|-80.0210|-55.8140
-6.02100|-80.0210|-55.8140
-6.02700|-80.0350|-55.7070
-6.02700|-80.0350|-55.7070
-6.07600|-80.0420|-55.6560
-6.07600|-80.0420|-55.6560
-6.08200|-80.0560|-55.5480
-6.08200|-80.0560|-55.5480
-6.13400|-80.0700|-55.4430
-6.13400|-80.0700|-55.4430
-6.18400|-80.0770|-55.3920
-6.18400|-80.0770|-55.3920
-6.19000|-80.0910|-55.2840
-6.23900|-80.0450|-55.2440
-6.23900|-80.0450|-55.2440
-6.24100|-80.0520|-55.1910
-6.24400|-80.0590|-55.1370
-6.24700|-80.0650|-55.0830
-6.24700|-80.0650|-55.0830
-6.25000|-80.0720|-55.0290
-6.25000|-80.0720|-55.0290
-6.25600|-80.0860|-54.9220
-6.25600|-80.0860|-54.9220
-6.25900|-80.0930|-54.8680
-6.26200|-80.0990|-54.8140
-6.26500|-80.1060|-54.7600
-6.26500|-80.1060|-54.7600
-6.26800|-80.1130|-54.7060
-6.26800|-80.1130|-54.7060
-6.27400|-80.1260|-54.5980
-6.27400|-80.1260|-54.5980
-6.27700|-80.1330|-54.5450
-6.28000|-80.1390|-54.4910
-6.28300|-80.1460|-54.4370
-6.28300|-80.1460|-54.4370
-6.28600|-80.1520|-54.3830
-6.28900|-80.1590|-54.3290
-6.29200|-80.1650|-54.2750
-6.29200|-80.1650|-54.2750
-6.29800|-80.1780|-54.1680
-6.29800|-80.1780|-54.1680
-6.34800|-80.1850|-54.1160
-6.34700|-80.1320|-54.1280
-6.35300|-80.1440|-54.0200
-6.35300|-80.1440|-54.0200
-6.35600|-80.1510|-53.9660
-6.35900|-80.1570|-53.9130
-6.36200|-80.1630|-53.8590
-6.36500|-80.1700|-53.8050
-6.36800|-80.1760|-53.7510
-6.37100|-80.1820|-53.6970
-6.37400|-80.1890|-53.6430
-6.37400|-80.1890|-53.6430
-6.42700|-80.2010|-53.5380
-6.42700|-80.2010|-53.5380
-6.43300|-80.2130|-53.4300
-6.43300|-80.2130|-53.4300
-6.43900|-80.2260|-53.3220
-6.43900|-80.2260|-53.3220
-6.44500|-80.2380|-53.2140
-6.44800|-80.2440|-53.1610
-6.45100|-80.2500|-53.1070
-6.45500|-80.2560|-53.0530
-6.46100|-80.2680|-52.9450
-6.46100|-80.2680|-52.9450
-6.46700|-80.2800|-52.8370
-6.47000|-80.2850|-52.7830
-6.47600|-80.2970|-52.6750
-6.47600|-80.2970|-52.6750
-6.48200|-80.3090|-52.5670
-6.48500|-80.3150|-52.5130
-6.49100|-80.3260|-52.4050
-6.49000|-80.2730|-52.4170
-6.49600|-80.2840|-52.3090
-6.49900|-80.2900|-52.2550
-6.50500|-80.3010|-52.1470
-6.50800|-80.3070|-52.0940
-6.51100|-80.3120|-52.0400
-6.51400|-80.3180|-51.9860
-6.52000|-80.3290|-51.8780
-6.52300|-80.3350|-51.8240
-6.52900|-80.3450|-51.7160
-6.52900|-80.3450|-51.7160
-6.53500|-80.3560|-51.6080
-6.53800|-80.3620|-51.5540
-6.54400|-80.3720|-51.4460
-6.54700|-80.3780|-51.3920
-6.55700|-80.3940|-51.2300
-6.55700|-80.3940|-51.2300
-6.56000|-80.3990|-51.1760
-6.51100|-80.3990|-51.1730
-6.52000|-80.4140|-51.0110
-6.52000|-80.4140|-51.0110
-6.52600|-80.4250|-50.9030
-6.52600|-80.4250|-50.9030
-6.53200|-80.4350|-50.7950
-6.53200|-80.4350|-50.7950
-6.53800|-80.4450|-50.6870
-6.53800|-80.4450|-50.6870
-6.54400|-80.4550|-50.5790
-6.54400|-80.4550|-50.5790
-6.54700|-80.4600|-50.5250
-6.55000|-80.4650|-50.4710
-6.55300|-80.4700|-50.4170
-6.55600|-80.4750|-50.3630
-6.55900|-80.4790|-50.3090
-6.55900|-80.4790|-50.3090
-6.56500|-80.4890|-50.2010
-6.56500|-80.4890|-50.2010
-6.56800|-80.4940|-50.1470
-6.57100|-80.4990|-50.0930
-6.57400|-80.5030|-50.0390
-6.57700|-80.5080|-49.9850
-6.58000|-80.5130|-49.9300
-6.58000|-80.5130|-49.9300
-6.58300|-80.5180|-49.8760
-6.58300|-80.5180|-49.8760
-6.58900|-80.5270|-49.7680
-6.58900|-80.5270|-49.7680
-6.59200|-80.5320|-49.7140
-6.59500|-80.5360|-49.6600
-6.59800|-80.5410|-49.6060
-6.59800|-80.5410|-49.6060
-6.60100|-80.5450|-49.5520
-6.60400|-80.5500|-49.4980
-6.60700|-80.5540|-49.4440
-6.60700|-80.5540|-49.4440
-6.61000|-80.5590|-49.3900
-6.61000|-80.5590|-49.3900
-6.61600|-80.5680|-49.2820
-6.61600|-80.5680|-49.2820
-6.62000|-80.5720|-49.2280
-6.62000|-80.5720|-49.2280
-6.62300|-80.5770|-49.1740
-6.62300|-80.5770|-49.1740
-6.57600|-80.5810|-49.1170
-6.57900|-80.5850|-49.0630
-6.57900|-80.5850|-49.0630
-6.58200|-80.5900|-49.0090
-6.58500|-80.5940|-48.9550
-6.58500|-80.5940|-48.9550
-6.58800|-80.5980|-48.9000
-6.58800|-80.5980|-48.9000
-6.59100|-80.6030|-48.8460
-6.59400|-80.6070|-48.7920
-6.54800|-80.6110|-48.7350
-6.54800|-80.6110|-48.7350
-6.55100|-80.6150|-48.6810
-6.55400|-80.6200|-48.6270
-6.55400|-80.6200|-48.6270
-6.55700|-80.6240|-48.5730
-6.56000|-80.6280|-48.5190
-6.51100|-80.6280|-48.5160
-6.51400|-80.6320|-48.4620
-6.51400|-80.6320|-48.4620
-6.51700|-80.6360|-48.4080
-6.52000|-80.6400|-48.3540
-6.47000|-80.6400|-48.3510
-6.47300|-80.6440|-48.2970
-6.47600|-80.6480|-48.2430
-6.47600|-80.6480|-48.2430
-6.43000|-80.6520|-48.1860
-6.43000|-80.6520|-48.1860
-6.43200|-80.6560|-48.1320
-6.43200|-80.6560|-48.1320
-6.43200|-80.6560|-48.1320
-6.38600|-80.6600|-48.0760
-6.38900|-80.6640|-48.0210
-6.38900|-80.6640|-48.0210
-6.34200|-80.6680|-47.9650
-6.34200|-80.6680|-47.9650
-6.29500|-80.6720|-47.9080
-6.29500|-80.6720|-47.9080
-6.29800|-80.6760|-47.8540
-6.29800|-80.6760|-47.8540
-6.25200|-80.6800|-47.7970
-6.25200|-80.6800|-47.7970
-6.25400|-80.6840|-47.7430
-6.20500|-80.6840|-47.7400
-6.20800|-80.6870|-47.6860
-6.20800|-80.6870|-47.6860
-6.16100|-80.6910|-47.6300
-6.16100|-80.6910|-47.6300
-6.11400|-80.6950|-47.5730
-6.11400|-80.6950|-47.5730
-6.11700|-80.6990|-47.5190
-6.11900|-80.7030|-47.4650
-6.07000|-80.7030|-47.4620
-6.07000|-80.7030|-47.4620
-6.07500|-80.7100|-47.3540
-6.07500|-80.7100|-47.3540
-6.03100|-80.7170|-47.2430
-6.03100|-80.7170|-47.2430
-5.98600|-80.7240|-47.1320
-5.98600|-80.7240|-47.1320
-5.93900|-80.7280|-47.0760
-5.93900|-80.7280|-47.0760
-5.89400|-80.7350|-46.9650
-5.89400|-80.7350|-46.9650
-5.84700|-80.7390|-46.9080
-5.84700|-80.7390|-46.9080
-5.80000|-80.7420|-46.8520
-5.75200|-80.7460|-46.7950
-5.70200|-80.7460|-46.7930
-5.70500|-80.7490|-46.7390
-5.65700|-80.7520|-46.6820
-5.66000|-80.7560|-46.6280
-5.61200|-80.7590|-46.5720
-5.61200|-80.7590|-46.5720
-5.56700|-80.7660|-46.4610
-5.51700|-80.7660|-46.4590
-5.47200|-80.7720|-46.3480
-5.47200|-80.7720|-46.3480
-5.42700|-80.7790|-46.2370
-5.42700|-80.7790|-46.2370
-5.33100|-80.7850|-46.1250
-5.33100|-80.7850|-46.1250
-5.28500|-80.7920|-46.0140
-5.28500|-80.7920|-46.0140
-5.18900|-80.7980|-45.9010
-5.18900|-80.7980|-45.9010
-5.14300|-80.8040|-45.7910
-5.14300|-80.8040|-45.7910
-5.09800|-80.8100|-45.6800
-5.04700|-80.8100|-45.6780
-5.00100|-80.8160|-45.5680
-5.00100|-80.8160|-45.5680
-4.95300|-80.8190|-45.5120
-4.95500|-80.8220|-45.4570
-4.85600|-80.8250|-45.3990
-4.85800|-80.8280|-45.3450
-4.81000|-80.8310|-45.2890
-4.75900|-80.8310|-45.2870
-4.71100|-80.8340|-45.2300
-4.71300|-80.8360|-45.1760
-4.66400|-80.8390|-45.1200
-4.66400|-80.8390|-45.1200
-4.56500|-80.8420|-45.0620
-4.56500|-80.8420|-45.0620
-4.51600|-80.8450|-45.0060
-4.51600|-80.8450|-45.0060
-4.46700|-80.8470|-44.9500
-4.46700|-80.8470|-44.9500
-4.41800|-80.8500|-44.8940
-4.41800|-80.8500|-44.8940
-4.37000|-80.8530|-44.8380
-4.37000|-80.8530|-44.8380
-4.37200|-80.8550|-44.7840
-4.32100|-80.8550|-44.7820
-4.32300|-80.8580|-44.7280
-4.32300|-80.8580|-44.7280
-4.27400|-80.8610|-44.6720
-4.27400|-80.8610|-44.6720
-4.22500|-80.8630|-44.6160
-4.22500|-80.8630|-44.6160
-4.17600|-80.8660|-44.5600
-4.17600|-80.8660|-44.5600
-4.17700|-80.8680|-44.5050
-4.12600|-80.8680|-44.5040
-4.07700|-80.8710|-44.4480
-4.07700|-80.8710|-44.4480
-3.97700|-80.8740|-44.3900
-3.97700|-80.8740|-44.3900
-3.92800|-80.8760|-44.3340
-3.87700|-80.8760|-44.3330
-3.82800|-80.9320|-44.2650
-3.83000|-80.9340|-44.2110
-3.77900|-80.9340|-44.2090
-3.72800|-80.9340|-44.2080
-3.67800|-80.9360|-44.1520
-3.68000|-80.9390|-44.0980
-3.57800|-80.9390|-44.0950
-3.57900|-80.9410|-44.0400
-3.53000|-80.9440|-43.9850
-3.47800|-80.9440|-43.9830
-3.37800|-80.9460|-43.9260
-3.37800|-80.9460|-43.9260
-3.27700|-80.9480|-43.8690
-3.27700|-80.9480|-43.8690
-3.17600|-80.9510|-43.8120
-3.17700|-80.9530|-43.7580
-3.07600|-80.9550|-43.7010
-3.02500|-80.9550|-43.7000
-2.97500|-80.9570|-43.6440
-2.92500|-80.9590|-43.5890
-2.82300|-80.9620|-43.5320
-2.77200|-80.9620|-43.5310
-2.67100|-80.9640|-43.4740
-2.62000|-80.9660|-43.4190
-2.51900|-80.9680|-43.3630
-2.46700|-80.9680|-43.3620
-2.31400|-80.9700|-43.3040
-2.26400|-80.9720|-43.2490
-2.11000|-80.9740|-43.1920
-2.05900|-80.9740|-43.1910
-1.90500|-81.0290|-43.1230
-1.85500|-81.0310|-43.0680
-1.70100|-81.0330|-43.0110
-1.64900|-81.0330|-43.0110
-1.49500|-81.0350|-42.9540
-1.49500|-81.0350|-42.9540
-1.34200|-81.0390|-42.8440
-1.34200|-81.0390|-42.8440
-1.18800|-81.0410|-42.7880
-1.13600|-81.0430|-42.7330
-1.03400|-81.0450|-42.6780
-0.98200|-81.0450|-42.6780
-0.82700|-81.0470|-42.6220
-0.77600|-81.0480|-42.5680
-0.72400|-81.0500|-42.5130
-0.67300|-81.0500|-42.5130
-0.56900|-81.0520|-42.4580
-0.51800|-81.0540|-42.4030
-0.41400|-81.0550|-42.3490
-0.41400|-81.0550|-42.3490
-0.31100|-81.0570|-42.2940
-0.25900|-81.0590|-42.2400
-0.15600|-81.0600|-42.1850
-0.15600|-81.0600|-42.1850
-0.05200|-81.0620|-42.1310
-0.05200|-81.0620|-42.1310
+0.05200|-81.0640|-42.0760
+0.10400|-81.0640|-42.0760
+0.15600|-81.0650|-42.0220
+0.15600|-81.0650|-42.0220
+0.26000|-81.1200|-41.9560
+0.26000|-81.1200|-41.9560
+0.31200|-81.1220|-41.9020
+0.36400|-81.1220|-41.9020
+0.41600|-81.1230|-41.8480
+0.41600|-81.1230|-41.8480
+0.52100|-81.1260|-41.7400
+0.57300|-81.1260|-41.7400
+0.62500|-81.1270|-41.6860
+0.67700|-81.1270|-41.6860
+0.72900|-81.1270|-41.6870
+0.72900|-81.1290|-41.6320
+0.78200|-81.1290|-41.6330
+0.83400|-81.1290|-41.6330
+0.88600|-81.1290|-41.6330
+0.88600|-81.1290|-41.6330
+0.99000|-81.1290|-41.6340
+0.99000|-81.1300|-41.5800
+0.99000|-81.1300|-41.5800
+1.04300|-81.1300|-41.5800
+1.04300|-81.1300|-41.5800
+1.04300|-81.1300|-41.5800
+1.04300|-81.1300|-41.5800
+1.04300|-81.1300|-41.5800
+1.04300|-81.1300|-41.5800
+1.04300|-81.1300|-41.5800
+1.04300|-81.1300|-41.5800
+1.04300|-81.1300|-41.5800
+1.04300|-81.1300|-41.5800
+1.04300|-81.1300|-41.5800
+1.04300|-81.1300|-41.5800
+1.04300|-81.1300|-41.5800
+1.04300|-81.1300|-41.5800
+1.09500|-81.1300|-41.5810
+1.09500|-81.1300|-41.5810
+1.09500|-81.1300|-41.5810
+1.09500|-81.1300|-41.5810
+1.09500|-81.1300|-41.5810
+1.09500|-81.1300|-41.5810
+1.09500|-81.1300|-41.5810
+1.14700|-81.1300|-41.5810
+1.14700|-81.1300|-41.5810
+1.19900|-81.1300|-41.5810
+1.19900|-81.1300|-41.5810
+1.25100|-81.1300|-41.5820
+1.25100|-81.1300|-41.5820
+1.30300|-81.1300|-41.5820
+1.35500|-81.1300|-41.5830
+1.40700|-81.1300|-41.5840
+1.40700|-81.1300|-41.5840
+1.56500|-81.1320|-41.5310
+1.56500|-81.1320|-41.5310
+1.66900|-81.1850|-41.5210
+1.66900|-81.1850|-41.5210
+1.82600|-81.1860|-41.4690
+1.82600|-81.1860|-41.4690
+1.93100|-81.1880|-41.4160
+1.98400|-81.1880|-41.4170
+2.08800|-81.1880|-41.4180
+2.14100|-81.1890|-41.3650
+2.24600|-81.1900|-41.3120
+2.29900|-81.1900|-41.3130
+2.40300|-81.1900|-41.3150
+2.45600|-81.1910|-41.2620
+2.61300|-81.1910|-41.2650
+2.66700|-81.1930|-41.2120
+2.82300|-81.1930|-41.2150
+2.87600|-81.1930|-41.2160
+3.03400|-81.1940|-41.1660
+3.08600|-81.1940|-41.1670
+3.19200|-81.1950|-41.1150
+3.24400|-81.1950|-41.1160
+3.40300|-81.1960|-41.0660
+3.40300|-81.1960|-41.0660
+3.50900|-81.1970|-41.0150
+3.56100|-81.1970|-41.0160
+3.66800|-81.1990|-40.9650
+3.72000|-81.1990|-40.9660
+3.82600|-81.2000|-40.9150
+3.87900|-81.2000|-40.9170
+3.98500|-81.2010|-40.8660
+3.98500|-81.2010|-40.8660
+4.09200|-81.2020|-40.8150
+4.14400|-81.2020|-40.8160
+4.25100|-81.2030|-40.7660
+4.30400|-81.2030|-40.7670
+4.35800|-81.2040|-40.7150
+4.41000|-81.2040|-40.7170
+4.46500|-81.2050|-40.6640
+4.51700|-81.2050|-40.6660
+4.57000|-81.2050|-40.6680
+4.57200|-81.2060|-40.6140
+4.62400|-81.2060|-40.6160
+4.67700|-81.2060|-40.6170
+4.73100|-81.2070|-40.5650
+4.73100|-81.2070|-40.5650
+4.83800|-81.2080|-40.5150
+4.83800|-81.2080|-40.5150
+4.89100|-81.2080|-40.5170
+4.94600|-81.2090|-40.4640
+4.99800|-81.2090|-40.4670
+5.05100|-81.2090|-40.4690
+5.15600|-81.2090|-40.4730
+5.15800|-81.2100|-40.4180
+5.21100|-81.2100|-40.4210
+5.31600|-81.2100|-40.4250
+5.36900|-81.2630|-40.4150
+5.42200|-81.2630|-40.4180
+5.47700|-81.2640|-40.3660
+5.52900|-81.2640|-40.3680
+5.63400|-81.2640|-40.3720
+5.63400|-81.2640|-40.3720
+5.74000|-81.2640|-40.3770
+5.79500|-81.2640|-40.3250
+5.90000|-81.2640|-40.3300
+5.90000|-81.2640|-40.3300
+6.00500|-81.2640|-40.3350
+6.05800|-81.2640|-40.3370
+6.16600|-81.2650|-40.2880
+6.16600|-81.2650|-40.2880
+6.27100|-81.2650|-40.2930
+6.27100|-81.2650|-40.2930
+6.37600|-81.2650|-40.2980
+6.42900|-81.2650|-40.3010
+6.48200|-81.2650|-40.3040
+6.48500|-81.2660|-40.2500
+6.59000|-81.2660|-40.2550
+6.59000|-81.2660|-40.2550
+6.69500|-81.2660|-40.2600
+6.69500|-81.2660|-40.2600
+6.80100|-81.2660|-40.2660
+6.80100|-81.2660|-40.2660
+6.85300|-81.2660|-40.2690
+6.85300|-81.2660|-40.2690
+6.95900|-81.2660|-40.2740
+6.95900|-81.2660|-40.2740
+7.06400|-81.2660|-40.2800
+7.06400|-81.2660|-40.2800
+7.16900|-81.2660|-40.2860
+7.16900|-81.2660|-40.2860
+7.27500|-81.2660|-40.2920
+7.27500|-81.2660|-40.2920
+7.32700|-81.2660|-40.2950
+7.38000|-81.2660|-40.2980
+7.43600|-81.2670|-40.2470
+7.48800|-81.2670|-40.2500
+7.54100|-81.2670|-40.2530
+7.54100|-81.2670|-40.2530
+7.64600|-81.2670|-40.2590
+7.64600|-81.2670|-40.2590
+7.75200|-81.2670|-40.2660
+7.75200|-81.2670|-40.2660
+7.80400|-81.2670|-40.2690
+7.85700|-81.2670|-40.2720
+7.91000|-81.2670|-40.2750
+7.96200|-81.2670|-40.2780
+8.06800|-81.2670|-40.2850
+8.06800|-81.2670|-40.2850
+8.17300|-81.2670|-40.2920
+8.22600|-81.2670|-40.2950
+8.33100|-81.2670|-40.3020
+8.33100|-81.2670|-40.3020
+8.43600|-81.2670|-40.3090
+8.43600|-81.2670|-40.3090
+8.54200|-81.2670|-40.3160
+8.59400|-81.2670|-40.3190
+8.64700|-81.2670|-40.3230
+8.69900|-81.2670|-40.3260
+8.75200|-81.2670|-40.3300
+8.80500|-81.2670|-40.3340
+8.91000|-81.2670|-40.3410
+8.91000|-81.2670|-40.3410
+9.01500|-81.2670|-40.3480
+9.01500|-81.2670|-40.3480
+9.12100|-81.2670|-40.3560
+9.17300|-81.2670|-40.3590
+9.22600|-81.2670|-40.3630
+9.27800|-81.2670|-40.3670
+9.38400|-81.2670|-40.3750
+9.38400|-81.2670|-40.3750
+9.48900|-81.2670|-40.3820
+9.54200|-81.2670|-40.3860
+9.59400|-81.2670|-40.3900
+9.64700|-81.2670|-40.3940
+9.75200|-81.2670|-40.4020
+9.80500|-81.2670|-40.4060
+9.85700|-81.2670|-40.4100
+9.91000|-81.2670|-40.4140
+10.0150|-81.2670|-40.4230
+10.0680|-81.2670|-40.4270
+10.1730|-81.2670|-40.4350
+10.1730|-81.2670|-40.4350
+10.2780|-81.2670|-40.4430
+10.2780|-81.2670|-40.4430
+10.3830|-81.2670|-40.4520
+10.4360|-81.2670|-40.4560
+10.4880|-81.2670|-40.4610
+10.5410|-81.2670|-40.4650
+10.6460|-81.2670|-40.4740
+10.6460|-81.2670|-40.4740
+10.6990|-81.2670|-40.4780
+10.7510|-81.2670|-40.4820
+10.8040|-81.2670|-40.4870
+10.8040|-81.2670|-40.4870
+10.9090|-81.2670|-40.4960
+10.9090|-81.2670|-40.4960
+10.9620|-81.2670|-40.5000
+11.0140|-81.2670|-40.5050
+11.0670|-81.2670|-40.5090
+11.0670|-81.2670|-40.5090
+11.1190|-81.2670|-40.5140
+11.1720|-81.2670|-40.5180
+11.2240|-81.2670|-40.5230
+11.2770|-81.2670|-40.5280
+11.3300|-81.2670|-40.5320
+11.3300|-81.2670|-40.5320
+11.3770|-81.2660|-40.5910
+11.3770|-81.2660|-40.5910
+11.4300|-81.2660|-40.5960
+11.4300|-81.2660|-40.5960
+11.4820|-81.2660|-40.6000
+11.4820|-81.2660|-40.6000
+11.5870|-81.2660|-40.6100
+11.6400|-81.2660|-40.6150
+11.6400|-81.2660|-40.6150
+11.6930|-81.2660|-40.6200
+11.7450|-81.2660|-40.6240
+11.7980|-81.2660|-40.6290
+11.8450|-81.2650|-40.6880
+11.8450|-81.2650|-40.6880
+11.8980|-81.2650|-40.6930
+11.9500|-81.2650|-40.6980
+12.0030|-81.2650|-40.7030
+12.0030|-81.2650|-40.7030
+12.1020|-81.2640|-40.7670
+12.1550|-81.2640|-40.7720
+12.2600|-81.2640|-40.7820
+12.2600|-81.2640|-40.7820
+12.3650|-81.2640|-40.7920
+12.3650|-81.2640|-40.7920
+12.4700|-81.2640|-40.8020
+12.5220|-81.2640|-40.8070
+12.6270|-81.2640|-40.8180
+12.6270|-81.2640|-40.8180
+12.7260|-81.2640|-40.8820
+12.7790|-81.2640|-40.8870
+12.8840|-81.2640|-40.8980
+12.9360|-81.2640|-40.9030
+12.9880|-81.2640|-40.9090
+13.0410|-81.2640|-40.9140
+13.1460|-81.2640|-40.9250
+13.1460|-81.2640|-40.9250
+13.2970|-81.2630|-40.9950
+13.2970|-81.2630|-40.9950
+13.4020|-81.2630|-41.0060
+13.4020|-81.2630|-41.0060
+13.5070|-81.2630|-41.0170
+13.5070|-81.2630|-41.0170
+13.6060|-81.2620|-41.0820
+13.6580|-81.2620|-41.0880
+13.7100|-81.2620|-41.0940
+13.7630|-81.2620|-41.0990
+13.8090|-81.2610|-41.1590
+13.8610|-81.2610|-41.1650
+13.9140|-81.2610|-41.1700
+13.9660|-81.2610|-41.1760
+14.0120|-81.2600|-41.2360
+14.0640|-81.2600|-41.2420
+14.1170|-81.2600|-41.2470
+14.1690|-81.2600|-41.2530
+14.2150|-81.2590|-41.3130
+14.2150|-81.2590|-41.3130
+14.2670|-81.2590|-41.3190
+14.2670|-81.2590|-41.3190
+14.3200|-81.2590|-41.3250
+14.3200|-81.2590|-41.3250
+14.3660|-81.2580|-41.3850
+14.3660|-81.2580|-41.3850
+14.4180|-81.2580|-41.3910
+14.4180|-81.2580|-41.3910
+14.4180|-81.2580|-41.3910
+14.4180|-81.2580|-41.3910
+14.4180|-81.2580|-41.3910
+14.4180|-81.2580|-41.3910
+14.4180|-81.2580|-41.3910
+14.4700|-81.2580|-41.3960
+14.4700|-81.2580|-41.3960
+14.4700|-81.2580|-41.3960
+14.5160|-81.2570|-41.4560
+14.5160|-81.2570|-41.4560
+14.5620|-81.2560|-41.5160
+14.5620|-81.2560|-41.5160
+14.6670|-81.2560|-41.5280
+14.7120|-81.2550|-41.5880
+14.8170|-81.2550|-41.6010
+14.8170|-81.2550|-41.6010
+14.9210|-81.2550|-41.6130
+14.9730|-81.2550|-41.6190
+15.0690|-81.2010|-41.6970
+15.1220|-81.2010|-41.7030
+15.2260|-81.2010|-41.7160
+15.2780|-81.2010|-41.7220
+15.3750|-81.2000|-41.7880
+15.4270|-81.2000|-41.7950
+15.5770|-81.1990|-41.8680
+15.5770|-81.1990|-41.8680
+15.6740|-81.1970|-41.9340
+15.7260|-81.1970|-41.9410
+15.8300|-81.1970|-41.9540
+15.8230|-81.1960|-42.0080
+15.9270|-81.1960|-42.0210
+15.9720|-81.1950|-42.0810
+16.0240|-81.1950|-42.0880
+16.0170|-81.1940|-42.1420
+16.0690|-81.1940|-42.1480
+16.1210|-81.1940|-42.1550
+16.1660|-81.1930|-42.2160
+16.1660|-81.1930|-42.2160
+16.2180|-81.1930|-42.2220
+16.2180|-81.1930|-42.2220
+16.2630|-81.1910|-42.2830
+16.2630|-81.1910|-42.2830
+16.3150|-81.1910|-42.2890
+16.3150|-81.1910|-42.2890
+16.3600|-81.1900|-42.3500
+16.3600|-81.1900|-42.3500
+16.3600|-81.1900|-42.3500
+16.3600|-81.1900|-42.3500
+16.3600|-81.1900|-42.3500
+16.3600|-81.1900|-42.3500
+16.3600|-81.1900|-42.3500
+16.3600|-81.1900|-42.3500
+16.3530|-81.1890|-42.4040
+16.3530|-81.1890|-42.4040
+16.3970|-81.1880|-42.4650
+16.4490|-81.1880|-42.4710
+16.4940|-81.1860|-42.5320
+16.5460|-81.1860|-42.5390
+16.5970|-81.1860|-42.5460
+16.5970|-81.1860|-42.5460
+16.6420|-81.1850|-42.6060
+16.6940|-81.1850|-42.6130
+16.7380|-81.1830|-42.6740
+16.7380|-81.1830|-42.6740
+16.7810|-81.1290|-42.7460
+16.8330|-81.1290|-42.7530
+16.8770|-81.1270|-42.8140
+16.9290|-81.1270|-42.8210
+16.9730|-81.1260|-42.8820
+16.9730|-81.1260|-42.8820
+17.0690|-81.1250|-42.9490
+17.0690|-81.1250|-42.9490
+17.1130|-81.1230|-43.0100
+17.1650|-81.1230|-43.0170
+17.2090|-81.1220|-43.0780
+17.2090|-81.1220|-43.0780
+17.2020|-81.1200|-43.1320
+17.2020|-81.1200|-43.1320
+17.1940|-81.1180|-43.1860
+17.1940|-81.1180|-43.1860
+17.1940|-81.1180|-43.1860
+17.2460|-81.1180|-43.1930
+17.2380|-81.1170|-43.2470
+17.2380|-81.1170|-43.2470
+17.2380|-81.1170|-43.2470
+17.2380|-81.1170|-43.2470
+17.2380|-81.1170|-43.2470
+17.2310|-81.1150|-43.3010
+17.2820|-81.1150|-43.3080
+17.2820|-81.1150|-43.3080
+17.2730|-81.0600|-43.3730
+17.3250|-81.0600|-43.3800
+17.3680|-81.0590|-43.4410
+17.3680|-81.0590|-43.4410
+17.4120|-81.0570|-43.5020
+17.4120|-81.0570|-43.5020
+17.4120|-81.0570|-43.5020
+17.4120|-81.0570|-43.5020
+17.4120|-81.0570|-43.5020
+17.4120|-81.0570|-43.5020
+17.4120|-81.0570|-43.5020
+17.4050|-81.0550|-43.5560
+17.4560|-81.0550|-43.5630
+17.4560|-81.0550|-43.5630
+17.5070|-81.0550|-43.5700
+17.5000|-81.0540|-43.6240
+17.5510|-81.0540|-43.6310
+17.5510|-81.0540|-43.6310
+17.6020|-81.0540|-43.6380
+17.5950|-81.0520|-43.6920
+17.5950|-81.0520|-43.6920
+17.6460|-81.0520|-43.6990
+17.6380|-81.0500|-43.7530
+17.6900|-81.0500|-43.7600
+17.7330|-81.0480|-43.8220
+17.7330|-81.0480|-43.8220
+17.7690|-81.0450|-43.9360
+17.8200|-81.0450|-43.9440
+17.8540|-80.9880|-44.0700
+17.9050|-80.9880|-44.0780
+17.9920|-80.9840|-44.2000
+17.9920|-80.9840|-44.2000
+18.0860|-80.9820|-44.2680
+18.0780|-80.9800|-44.3220
+18.1220|-80.9780|-44.3830
+18.1140|-80.9760|-44.4370
+18.1570|-80.9740|-44.4980
+18.1570|-80.9740|-44.4980
+18.1980|-80.9190|-44.5710
+18.1900|-80.9170|-44.6250
+18.1820|-80.9150|-44.6790
+18.2330|-80.9150|-44.6860
+18.2250|-80.9130|-44.7400
+18.2250|-80.9130|-44.7400
+18.2250|-80.9130|-44.7400
+18.2170|-80.9110|-44.7930
+18.2680|-80.9110|-44.8010
+18.2680|-80.9110|-44.8010
+18.2680|-80.9110|-44.8010
+18.2680|-80.9110|-44.8010
+18.2680|-80.9110|-44.8010
+18.2680|-80.9110|-44.8010
+18.2680|-80.9110|-44.8010
+18.2680|-80.9110|-44.8010
+18.2680|-80.9110|-44.8010
+18.2680|-80.9110|-44.8010
+18.2680|-80.9110|-44.8010
+18.2680|-80.9110|-44.8010
+18.2680|-80.9110|-44.8010
+18.2680|-80.9110|-44.8010
+18.2680|-80.9110|-44.8010
+18.2680|-80.9110|-44.8010
+18.2680|-80.9110|-44.8010
+18.2680|-80.9110|-44.8010
+18.2760|-80.9130|-44.7470
+18.2760|-80.9130|-44.7470
+18.2760|-80.9130|-44.7470
+18.2760|-80.9130|-44.7470
+18.2760|-80.9130|-44.7470
+18.2760|-80.9130|-44.7470
+18.2760|-80.9130|-44.7470
+18.2760|-80.9130|-44.7470
+18.2760|-80.9130|-44.7470
+18.2760|-80.9130|-44.7470
+18.2760|-80.9130|-44.7470
+18.2760|-80.9130|-44.7470
+18.2760|-80.9130|-44.7470
+18.2760|-80.9130|-44.7470
+18.2760|-80.9130|-44.7470
+18.2760|-80.9130|-44.7470
+18.2760|-80.9130|-44.7470
+18.2250|-80.9130|-44.7400
+18.2250|-80.9130|-44.7400
+18.2250|-80.9130|-44.7400
+18.2250|-80.9130|-44.7400
+18.2250|-80.9130|-44.7400
+18.2250|-80.9130|-44.7400
+18.2250|-80.9130|-44.7400
+18.2250|-80.9130|-44.7400
+18.2250|-80.9130|-44.7400
+18.2250|-80.9130|-44.7400
+18.2250|-80.9130|-44.7400
+18.2250|-80.9130|-44.7400
+18.2250|-80.9130|-44.7400
+18.2250|-80.9130|-44.7400
+18.2250|-80.9130|-44.7400
+18.2250|-80.9130|-44.7400
+18.2250|-80.9130|-44.7400
+18.2250|-80.9130|-44.7400
+18.2250|-80.9130|-44.7400
+18.2250|-80.9130|-44.7400
+18.2250|-80.9130|-44.7400
+18.2250|-80.9130|-44.7400
+18.2250|-80.9130|-44.7400
+18.2250|-80.9130|-44.7400
+18.2250|-80.9130|-44.7400
+18.2250|-80.9130|-44.7400
+18.2250|-80.9130|-44.7400
+18.2250|-80.9130|-44.7400
+18.2250|-80.9130|-44.7400
+18.2250|-80.9130|-44.7400
+18.2250|-80.9130|-44.7400
+18.2330|-80.9150|-44.6860
+18.2330|-80.9150|-44.6860
+18.2330|-80.9150|-44.6860
+18.1820|-80.9150|-44.6790
+18.1820|-80.9150|-44.6790
+18.1820|-80.9150|-44.6790
+18.1820|-80.9150|-44.6790
+18.1300|-80.8620|-44.6830
+18.1300|-80.8620|-44.6830
+18.1280|-80.8090|-44.6950
+18.1280|-80.8090|-44.6950
+18.0770|-80.8090|-44.6870
+18.0750|-80.7560|-44.6990
+18.0230|-80.7030|-44.7030
+18.0230|-80.7030|-44.7030
+17.9700|-80.6490|-44.7080
+17.9700|-80.6490|-44.7080
+17.9160|-80.5430|-44.7240
+17.9160|-80.5430|-44.7240
+17.8620|-80.4370|-44.7400
+17.8600|-80.3840|-44.7520
+17.8060|-80.2780|-44.7690
+17.7530|-80.2250|-44.7730
+17.6970|-80.0660|-44.8020
+17.6960|-80.0130|-44.8140
+17.6460|-79.8030|-44.8020
+17.6440|-79.7500|-44.8140
+17.5430|-79.5400|-44.7940
+17.5390|-79.4340|-44.8190
+17.4830|-79.2750|-44.8490
+17.4790|-78.9070|-44.8820
+17.4340|-78.8560|-44.8340
+17.4290|-78.4870|-44.8680
+17.4270|-78.4350|-44.8810
+17.4240|-78.1190|-44.9040
+17.4280|-78.0160|-44.8760
+17.4240|-77.7010|-44.9000
+17.4210|-77.5950|-44.9260
+17.4250|-77.2820|-44.8970
+17.4290|-77.1790|-44.8700
+17.4250|-76.8640|-44.8960
+17.4290|-76.7610|-44.8690
+17.4290|-76.3430|-44.8690
+17.4320|-76.2390|-44.8430
+17.4360|-75.9270|-44.8170
+17.4400|-75.8230|-44.7910
+17.4410|-75.4590|-44.7800
+17.4450|-75.3550|-44.7540
+17.4460|-74.9910|-44.7450
+17.4420|-74.8860|-44.7730
+17.4430|-74.5210|-44.7660
+17.4390|-74.4160|-44.7940
+17.4420|-74.1050|-44.7730
+17.4380|-74.0000|-44.8020
+17.4310|-73.6350|-44.8510
+17.4370|-73.5840|-44.8110
+17.4320|-73.2720|-44.8460
+17.4300|-73.2190|-44.8610
+17.4270|-72.9590|-44.8820
+17.4230|-72.8550|-44.9120
+17.4200|-72.5950|-44.9330
+17.4180|-72.5430|-44.9480
+17.4170|-72.3350|-44.9550
+17.4120|-72.2310|-44.9850
+17.4010|-71.9700|-45.0620
+17.3990|-71.9180|-45.0770
+17.3980|-71.7100|-45.0850
+17.3960|-71.6580|-45.1010
+17.3870|-71.4500|-45.1630
+17.3850|-71.3980|-45.1780
+17.3840|-71.1910|-45.1870
+17.3820|-71.1390|-45.2030
+17.3750|-70.9830|-45.2500
+17.3730|-70.9310|-45.2660
+17.3180|-70.8270|-45.2900
+17.3150|-70.7750|-45.3060
+17.3090|-70.6190|-45.3530
+17.3090|-70.6190|-45.3530
+17.2540|-70.5150|-45.3780
+17.2510|-70.4630|-45.3940
+17.1990|-70.4110|-45.4030
+17.1960|-70.3590|-45.4190
+17.1940|-70.3070|-45.4350
+17.1440|-70.3070|-45.4280
+17.1410|-70.2550|-45.4440
+17.1410|-70.2550|-45.4440
+17.0910|-70.2550|-45.4370
+17.0910|-70.2550|-45.4370
+17.0400|-70.2550|-45.4300
+17.0400|-70.2550|-45.4300
+16.9900|-70.2550|-45.4230
+16.9900|-70.2550|-45.4230
+16.9390|-70.2550|-45.4160
+16.9390|-70.2550|-45.4160
+16.8890|-70.2550|-45.4090
+16.8890|-70.2550|-45.4090
+16.8380|-70.2550|-45.4020
+16.8380|-70.2550|-45.4020
+16.7880|-70.2550|-45.3950
+16.7880|-70.2550|-45.3950
+16.7370|-70.2550|-45.3880
+16.6860|-70.2550|-45.3810
+16.6860|-70.2550|-45.3810
+16.6360|-70.2550|-45.3750
+16.6360|-70.2550|-45.3750
+16.6360|-70.2550|-45.3750
+16.5850|-70.2550|-45.3680
+16.5850|-70.2550|-45.3680
+16.5850|-70.2550|-45.3680
+16.5850|-70.2550|-45.3680
+16.5850|-70.2550|-45.3680
+16.5850|-70.2550|-45.3680
+16.5850|-70.2550|-45.3680
+16.5850|-70.2550|-45.3680
+16.5850|-70.2550|-45.3680
+16.5850|-70.2550|-45.3680
+16.5850|-70.2550|-45.3680
+16.5850|-70.2550|-45.3680
+16.5850|-70.2550|-45.3680
+16.5850|-70.2550|-45.3680
+16.5850|-70.2550|-45.3680
+16.5850|-70.2550|-45.3680
+16.5850|-70.2550|-45.3680
+16.5850|-70.2550|-45.3680
+16.5850|-70.2550|-45.3680
+16.5850|-70.2550|-45.3680
+16.5850|-70.2550|-45.3680
+16.5850|-70.2550|-45.3680
+16.5350|-70.2550|-45.3610
+16.5350|-70.2550|-45.3610
+16.5350|-70.2550|-45.3610
+16.5350|-70.2550|-45.3610
+16.5350|-70.2550|-45.3610
+16.5350|-70.2550|-45.3610
+16.5350|-70.2550|-45.3610
+16.5350|-70.2550|-45.3610
+16.4840|-70.2550|-45.3540
+16.4840|-70.2550|-45.3540
+16.4840|-70.2550|-45.3540
+16.4840|-70.2550|-45.3540
+16.4340|-70.2550|-45.3470
+16.4340|-70.2550|-45.3470
+16.4340|-70.2550|-45.3470
+16.4340|-70.2550|-45.3470
+16.3830|-70.2550|-45.3410
+16.3830|-70.2550|-45.3410
+16.3830|-70.2550|-45.3410
+16.3830|-70.2550|-45.3410
+16.3830|-70.2550|-45.3410
+16.3830|-70.2550|-45.3410
+16.3830|-70.2550|-45.3410
+16.3830|-70.2550|-45.3410
+16.3850|-70.3070|-45.3250
+16.3850|-70.3070|-45.3250
+16.3850|-70.3070|-45.3250
+16.3850|-70.3070|-45.3250
+16.3850|-70.3070|-45.3250
+16.3850|-70.3070|-45.3250
+16.3850|-70.3070|-45.3250
+16.3870|-70.3590|-45.3090
+16.3870|-70.3590|-45.3090
+16.3870|-70.3590|-45.3090
+16.3870|-70.3590|-45.3090
+16.3870|-70.3590|-45.3090
+16.3890|-70.4110|-45.2930
+16.3890|-70.4110|-45.2930
+16.3890|-70.4110|-45.2930
+16.3920|-70.4630|-45.2770
+16.3920|-70.4630|-45.2770
+16.3920|-70.4630|-45.2770
+16.3940|-70.5150|-45.2610
+16.3960|-70.5670|-45.2450
+16.3960|-70.5670|-45.2450
+16.3960|-70.5670|-45.2450
+16.3980|-70.6190|-45.2290
+16.3980|-70.6190|-45.2290
+16.3980|-70.6190|-45.2290
+16.3980|-70.6190|-45.2290
+16.4050|-70.6200|-45.1750
+16.4050|-70.6200|-45.1750
+16.4120|-70.6210|-45.1210
+16.4120|-70.6210|-45.1210
+16.4190|-70.6220|-45.0670
+16.4190|-70.6220|-45.0670
+16.4270|-70.6240|-45.0130
+16.4340|-70.6250|-44.9590
+16.3900|-70.6260|-44.8990
+16.3900|-70.6260|-44.8990
+16.3970|-70.6270|-44.8450
+16.3970|-70.6270|-44.8450
+16.4050|-70.6280|-44.7910
+16.4120|-70.6290|-44.7370
+16.4190|-70.6310|-44.6830
+16.4190|-70.6310|-44.6830
+16.4260|-70.6320|-44.6300
+16.4260|-70.6320|-44.6300
+16.4330|-70.6330|-44.5760
+16.4330|-70.6330|-44.5760
+16.4400|-70.6340|-44.5220
+16.4400|-70.6340|-44.5220
+16.4470|-70.6350|-44.4680
+16.4470|-70.6350|-44.4680
+16.4550|-70.6360|-44.4140
+16.4550|-70.6360|-44.4140
+16.4620|-70.6370|-44.3600
+16.4110|-70.6370|-44.3540
+16.4180|-70.6380|-44.3000
+16.4180|-70.6380|-44.3000
+16.4180|-70.6380|-44.3000
+16.4180|-70.6380|-44.3000
+16.4250|-70.6390|-44.2460
+16.4250|-70.6390|-44.2460
+16.4250|-70.6390|-44.2460
+16.4250|-70.6390|-44.2460
+16.4320|-70.6390|-44.1920
+16.4320|-70.6390|-44.1920
+16.4320|-70.6390|-44.1920
+16.4320|-70.6390|-44.1920
+16.4320|-70.6390|-44.1920
+16.4320|-70.6390|-44.1920
+16.4320|-70.6390|-44.1920
+16.4320|-70.6390|-44.1920
+16.4340|-70.6910|-44.1760
+16.4340|-70.6910|-44.1760
+16.4340|-70.6910|-44.1760
+16.4340|-70.6910|-44.1760
+16.4290|-70.7430|-44.2140
+16.4310|-70.7950|-44.1980
+16.4310|-70.7950|-44.1980
+16.4330|-70.8470|-44.1820
+16.4350|-70.8990|-44.1670
+16.4350|-70.8990|-44.1670
+16.4300|-70.9500|-44.2050
+16.4330|-71.0020|-44.1890
+16.4200|-71.0520|-44.2810
+16.4220|-71.1040|-44.2650
+16.4170|-71.1550|-44.3030
+16.4170|-71.1550|-44.3030
+16.4120|-71.2060|-44.3410
+16.4070|-71.2570|-44.3800
+16.4020|-71.3080|-44.4180
+16.4020|-71.3080|-44.4180
+16.3990|-71.4110|-44.4400
+16.3990|-71.4110|-44.4400
+16.3940|-71.4620|-44.4790
+16.3960|-71.5140|-44.4630
+16.3910|-71.5650|-44.5010
+16.3910|-71.5650|-44.5010
+16.3860|-71.6160|-44.5400
+16.3860|-71.6160|-44.5400
+16.3790|-71.6150|-44.5940
+16.3810|-71.6670|-44.5780
+16.3810|-71.6670|-44.5780
+16.3810|-71.6670|-44.5780
+16.3760|-71.7180|-44.6160
+16.3760|-71.7180|-44.6160
+16.3760|-71.7180|-44.6160
+16.3760|-71.7180|-44.6160
+16.3760|-71.7180|-44.6160
+16.3760|-71.7180|-44.6160
+16.3760|-71.7180|-44.6160
+16.3760|-71.7180|-44.6160
+16.3780|-71.7700|-44.6010
+16.3780|-71.7700|-44.6010
+16.3780|-71.7700|-44.6010
+16.3780|-71.7700|-44.6010
+16.3780|-71.7700|-44.6010
+16.3780|-71.7700|-44.6010
+16.3780|-71.7700|-44.6010
+16.3780|-71.7700|-44.6010
+16.3780|-71.7700|-44.6010
+16.3780|-71.7700|-44.6010
+16.3780|-71.7700|-44.6010
+16.3780|-71.7700|-44.6010
+16.3780|-71.7700|-44.6010
+16.3780|-71.7700|-44.6010
+16.3780|-71.7700|-44.6010
+16.3780|-71.7700|-44.6010
+16.3780|-71.7700|-44.6010
+16.3780|-71.7700|-44.6010
+16.3780|-71.7700|-44.6010
+16.3780|-71.7700|-44.6010
+16.3780|-71.7700|-44.6010
+16.3780|-71.7700|-44.6010
+16.3780|-71.7700|-44.6010
+16.3780|-71.7700|-44.6010
+16.3780|-71.7700|-44.6010
+16.3780|-71.7700|-44.6010
+16.3780|-71.7700|-44.6010
+16.3850|-71.7710|-44.5470
+16.3850|-71.7710|-44.5470
+16.3850|-71.7710|-44.5470
+16.3850|-71.7710|-44.5470
+16.3850|-71.7710|-44.5470
+16.3920|-71.7730|-44.4930
+16.3920|-71.7730|-44.4930
+16.3920|-71.7730|-44.4930
+16.3920|-71.7730|-44.4930
+16.3990|-71.7740|-44.4390
+16.3990|-71.7740|-44.4390
+16.4060|-71.7750|-44.3860
+16.4060|-71.7750|-44.3860
+16.4060|-71.7750|-44.3860
+16.4060|-71.7750|-44.3860
+16.4140|-71.7760|-44.3320
+16.4140|-71.7760|-44.3320
+16.4140|-71.7760|-44.3320
+16.4140|-71.7760|-44.3320
+16.4140|-71.7760|-44.3320
+16.4140|-71.7760|-44.3320
+16.4210|-71.7770|-44.2780
+16.4210|-71.7770|-44.2780
+16.4230|-71.8290|-44.2620
+16.4230|-71.8290|-44.2620
+16.4230|-71.8290|-44.2620
+16.4230|-71.8290|-44.2620
+16.4230|-71.8290|-44.2620
+16.4230|-71.8290|-44.2620
+16.4230|-71.8290|-44.2620
+16.4300|-71.8300|-44.2090
+16.4300|-71.8300|-44.2090
+16.4300|-71.8300|-44.2090
+16.4300|-71.8300|-44.2090
+16.4300|-71.8300|-44.2090
+16.4300|-71.8300|-44.2090
+16.4300|-71.8300|-44.2090
+16.4300|-71.8300|-44.2090
+16.4370|-71.8310|-44.1550
+16.4370|-71.8310|-44.1550
+16.4370|-71.8310|-44.1550
+16.4370|-71.8310|-44.1550
+16.4370|-71.8310|-44.1550
+16.4370|-71.8310|-44.1550
+16.4370|-71.8310|-44.1550
+16.4440|-71.8320|-44.1010
+16.4440|-71.8320|-44.1010
+16.4440|-71.8320|-44.1010
+16.4440|-71.8320|-44.1010
+16.4510|-71.8330|-44.0470
+16.4510|-71.8330|-44.0470
+16.4580|-71.8340|-43.9930
+16.4580|-71.8340|-43.9930
+16.5100|-71.8340|-44.0000
+16.5170|-71.8350|-43.9460
+16.5170|-71.8350|-43.9460
+16.5240|-71.8360|-43.8920
+16.5240|-71.8360|-43.8920
+16.5240|-71.8360|-43.8920
+16.5310|-71.8370|-43.8380
+16.5310|-71.8370|-43.8380
+16.5380|-71.8380|-43.7840
+16.5380|-71.8380|-43.7840
+16.5380|-71.8380|-43.7840
+16.5450|-71.8390|-43.7310
+16.5450|-71.8390|-43.7310
+16.5450|-71.8390|-43.7310
+16.5450|-71.8390|-43.7310
+16.5450|-71.8390|-43.7310
+16.5450|-71.8390|-43.7310
+16.5450|-71.8390|-43.7310
+16.5450|-71.8390|-43.7310
+16.5450|-71.8390|-43.7310
+16.5450|-71.8390|-43.7310
+16.5450|-71.8390|-43.7310
+16.5450|-71.8390|-43.7310
+16.5450|-71.8390|-43.7310
+16.5450|-71.8390|-43.7310
+16.5450|-71.8390|-43.7310
+16.5450|-71.8390|-43.7310
+16.5450|-71.8390|-43.7310
+16.5450|-71.8390|-43.7310
+16.5450|-71.8390|-43.7310
+16.5450|-71.8390|-43.7310
+16.5450|-71.8390|-43.7310
+16.5450|-71.8390|-43.7310
+16.5450|-71.8390|-43.7310
+16.5450|-71.8390|-43.7310
+16.5450|-71.8390|-43.7310
+16.5450|-71.8390|-43.7310
+16.5450|-71.8390|-43.7310
+16.5450|-71.8390|-43.7310
+16.5450|-71.8390|-43.7310
+16.5450|-71.8390|-43.7310
+16.5450|-71.8390|-43.7310
+16.5450|-71.8390|-43.7310
+16.5450|-71.8390|-43.7310
+16.5450|-71.8390|-43.7310
+16.5450|-71.8390|-43.7310
+16.5450|-71.8390|-43.7310
+16.5450|-71.8390|-43.7310
+16.5450|-71.8390|-43.7310
+16.5450|-71.8390|-43.7310
+16.5450|-71.8390|-43.7310
+16.5450|-71.8390|-43.7310
+16.5450|-71.8390|-43.7310
+16.5450|-71.8390|-43.7310
+16.5450|-71.8390|-43.7310
+16.5450|-71.8390|-43.7310
+16.5450|-71.8390|-43.7310
+16.5450|-71.8390|-43.7310
+16.5450|-71.8390|-43.7310
+16.5450|-71.8390|-43.7310
+16.5450|-71.8390|-43.7310
+16.5450|-71.8390|-43.7310
+16.5450|-71.8390|-43.7310
+16.5450|-71.8390|-43.7310
+16.5450|-71.8390|-43.7310
+16.5450|-71.8390|-43.7310
+16.5450|-71.8390|-43.7310
+16.5450|-71.8390|-43.7310
+16.5450|-71.8390|-43.7310
+16.5450|-71.8390|-43.7310
